-,-,-
--start---
-401, -48, 929
-401, -48, 929
-366, -3, 950
-429, -4, 928
-447, 0, 921
-420, -13, 922
-402, 5, 923
-402, 5, 923
-399, -4, 937
-452, 1, 927
-465, 17, 918
-411, -12, 936
-411, -12, 936
-,-,-
-17, -12, 1015
-20, -8, 1016
-16, -10, 1015
-16, -10, 1015
-16, -10, 1016
-17, -10, 1017
-16, -10, 1017
-19, -11, 1016
-17, -10, 1016
-18, -11, 1016
-17, -10, 1016
-,-,-
-19, -9, 1015
-17, -9, 1017
-17, -9, 1017
-17, -10, 1015
-18, -9, 1016
-16, -11, 1015
-19, -10, 1018
-,-,-
-18, -9, 1016
-19, -9, 1015
-17, -14, 1015
-16, -9, 1019
-17, -6, 1016
75, -71, 1018
-,-,-
-21, -9, 1019
-21, -9, 1019
-17, -9, 1016
-19, -9, 1016
-17, -10, 1016
-18, -9, 1017
-18, -9, 1016
-18, -9, 1016
-18, -8, 1017
-18, -9, 1017
-17, -10, 1015
-18, -10, 1016
-18, -10, 1015
-18, -9, 1016
-18, -9, 1016
-17, -10, 1016
-18, -9, 1017
-18, -9, 1016
-18, -9, 1016
-18, -10, 1016
-18, -10, 1016
-18, -9, 1016
-18, -9, 1016
-18, -9, 1017
-18, -9, 1017
-19, -8, 1017
-19, -8, 1017
-,-,-
-19, -9, 1017
-19, -9, 1017
-19, -9, 1014
-18, -10, 1015
-17, -10, 1015
-17, -10, 1015
-,-,-
-17, -7, 1015
-22, -16, 1017
-16, -4, 1017
-19, -8, 1016
-20, -9, 1016
-20, -9, 1016
-,-,-
-23, -14, 1017
-1, 55, 1012
-15, -30, 1015
-15, -30, 1015
-28, -35, 1017
-27, -35, 1016
-18, -10, 1016
-20, -8, 1017
-16, -9, 1014
-,-,-
-18, -9, 1016
-19, -9, 1016
-19, -9, 1016
-17, -9, 1015
-19, -11, 1016
-17, -10, 1014
-,-,-
-17, -11, 1016
-20, -10, 1014
-17, -9, 1016
-17, -6, 1016
-18, -9, 1015
-17, -8, 1016
-18, -12, 1015
-,-,-
-22, -11, 1016
-15, -6, 1016
-15, -6, 1016
-16, -4, 1017
-21, -15, 1014
-18, -10, 1016
-,-,-
-18, -9, 1017
-18, -9, 1017
-19, -7, 1017
-18, -10, 1016
-19, -11, 1016
-19, -10, 1016
-,-,-
-22, -9, 1013
-22, -9, 1013
-15, -10, 1017
-18, -10, 1017
-18, -9, 1017
-20, -8, 1017
-29, 42, 1014
-,-,-
-13, -5, 997
-23, -17, 1033
-18, -5, 1016
-18, -5, 1016
-18, -9, 1015
-18, -10, 1016
-21, -6, 1018
-,-,-
-1, -20, 1035
-40, -38, 1000
-20, -34, 987
-20, -34, 987
-19, -25, 1005
-16, -15, 1037
-15, 4, 1051
-18, -7, 1029
-16, -13, 1013
-16, -13, 1012
-17, -14, 1012
-18, -10, 1021
-18, -11, 1016
-17, -10, 1016
-17, -11, 1016
-18, -11, 1016
-17, -11, 1016
-17, -10, 1016
-17, -10, 1016
-18, -11, 1015
-17, -10, 1016
-17, -10, 1016
-18, -12, 1016
-18, -11, 1016
-18, -10, 1016
-18, -11, 1016
-18, -11, 1016
-17, -10, 1016
-18, -10, 1016
-18, -11, 1016
-18, -11, 1015
-19, -11, 1016
-17, -10, 1017
-18, -10, 1016
-18, -10, 1016
-17, -10, 1016
-19, -12, 1015
-18, -10, 1016
-17, -10, 1016
-19, -12, 1016
-18, -9, 1015
-18, -10, 1016
-18, -10, 1016
-18, -10, 1015
-18, -9, 1015
-18, -10, 1015
-19, -10, 1016
-17, -10, 1015
-18, -10, 1016
-18, -10, 1016
-18, -10, 1016
-18, -10, 1015
-18, -9, 1016
-20, -11, 1017
-16, -9, 1014
-19, -10, 1016
-18, -11, 1015
-18, -11, 1015
-18, -10, 1016
-18, -11, 1015
-17, -9, 1016
-18, -10, 1016
-19, -11, 1015
-18, -9, 1015
-18, -10, 1015
-18, -10, 1015
-18, -10, 1015
-18, -9, 1017
-17, -10, 1014
-18, -9, 1016
-19, -10, 1015
-19, -10, 1016
-19, -10, 1016
-17, -8, 1016
-18, -9, 1015
-18, -10, 1016
-18, -10, 1016
-18, -10, 1016
-18, -10, 1015
-18, -10, 1015
-18, -10, 1016
-17, -10, 1015
-18, -10, 1015
-18, -10, 1015
-18, -9, 1016
-19, -11, 1015
-17, -10, 1015
-17, -10, 1015
-18, -10, 1015
-18, -10, 1015
-18, -8, 1017
-18, -10, 1015
-18, -10, 1016
-18, -10, 1016
-18, -10, 1015
-18, -10, 1015
-18, -10, 1015
-18, -9, 1016
-18, -10, 1015
-18, -10, 1015
-19, -10, 1015
-18, -9, 1015
-18, -9, 1015
-18, -10, 1014
-18, -10, 1015
-18, -10, 1015
-18, -9, 1015
-18, -9, 1016
-18, -10, 1016
-18, -10, 1016
-18, -10, 1016
-17, -10, 1015
-18, -10, 1015
-19, -10, 1015
-18, -9, 1015
-18, -9, 1015
-18, -9, 1015
-18, -10, 1015
-18, -9, 1015
-18, -9, 1015
-18, -10, 1016
-17, -9, 1016
-18, -9, 1015
-18, -9, 1015
-19, -10, 1015
-18, -9, 1015
-19, -10, 1015
-17, -9, 1015
-18, -9, 1015
-18, -9, 1015
-18, -10, 1015
-18, -10, 1015
-18, -10, 1016
-19, -9, 1015
-19, -10, 1016
-18, -10, 1016
-18, -10, 1016
-18, -9, 1016
-18, -9, 1015
-18, -9, 1016
-18, -10, 1015
-18, -9, 1015
-18, -10, 1016
-18, -10, 1016
-18, -9, 1016
-18, -9, 1015
-18, -10, 1015
-18, -10, 1016
-18, -10, 1016
-18, -10, 1016
-18, -10, 1016
-17, -9, 1016
-18, -10, 1016
-19, -11, 1017
-15, -8, 1021
-66, -5, 1164
-,-,-
-53, -60, 1116
-53, -60, 1116
-31, -64, 1063
-4, -67, 974
-13, -56, 1001
-6, -51, 972
-32, -48, 1059
-32, -48, 1059
-42, -34, 1103
-20, -40, 1030
-45, -43, 1090
-,-,-
-21, -48, 987
-33, -43, 1101
-31, -36, 1067
-31, -36, 1067
-23, -35, 1044
-21, -35, 1043
-,-,-
-5, -53, 977
-5, -53, 977
-69, -33, 1138
-31, -36, 1059
-19, -36, 1035
-55, -37, 1122
-,-,-
-28, -36, 1018
-17, -54, 1025
-27, -33, 1052
-19, -33, 1024
-16, -30, 1010
-20, -23, 1025
-20, -23, 1025
-28, -20, 1059
-20, -20, 1031
-18, -22, 1029
-30, -30, 1048
-6, -32, 967
-16, -33, 1008
-16, -33, 1008
-17, -34, 1012
-20, -33, 1021
-23, -32, 1033
-,-,-
-15, -11, 1018
-16, -10, 1014
-15, -7, 1016
-15, -9, 1017
-15, -10, 1016
-15, -10, 1016
-15, -10, 1017
-,-,-
-13, -8, 1019
-18, -11, 1015
-15, -11, 1015
-15, -11, 1015
-15, -9, 1017
-16, -9, 1017
-15, -9, 1016
-,-,-
-16, -8, 1017
-13, -15, 1014
-18, -4, 1019
-16, -8, 1017
-16, -10, 1016
-16, -10, 1017
-,-,-
-16, -9, 1017
-15, -9, 1015
-15, -9, 1018
-16, -10, 1016
-18, -3, 1019
-,-,-
-16, -10, 1018
-15, -9, 1016
-15, -10, 1016
-15, -10, 1016
-15, -10, 1017
-15, -9, 1017
-16, -9, 1016
-15, -10, 1016
-15, -9, 1017
-15, -10, 1017
-15, -10, 1017
-16, -9, 1017
-15, -9, 1016
-16, -9, 1017
-16, -10, 1017
-15, -9, 1017
-,-,-
-15, -10, 1014
-15, -10, 1014
-19, -9, 1020
-13, -8, 1017
-15, -10, 1018
-16, -10, 1017
-15, -10, 1016
-15, -9, 1018
-15, -9, 1018
-15, -9, 1017
-14, -10, 1016
-16, -9, 1017
-15, -9, 1017
-15, -9, 1017
-15, -9, 1017
-15, -10, 1017
-16, -10, 1017
-16, -10, 1017
-,-,-
-10, 0, 1026
-17, -19, 1007
-16, -4, 1022
-16, -8, 1019
-16, -8, 1019
-13, -8, 1016
-17, -12, 1017
-16, -10, 1017
-,-,-
-13, -19, 1017
-11, -43, 1018
-24, 38, 1019
-24, 38, 1019
-15, -8, 1019
-16, -12, 1016
-16, -10, 1017
-,-,-
-20, -3, 1021
-14, -21, 1013
-13, -8, 1019
-18, -2, 1019
-16, -9, 1016
-16, -9, 1016
-16, -12, 1016
-,-,-
-16, -4, 1019
-14, -18, 1014
-17, -21, 1018
-14, 8, 1018
-14, -6, 1018
-14, -6, 1018
-17, -12, 1016
-15, -10, 1016
-15, -9, 1018
-,-,-
-14, -9, 1013
-14, -9, 1018
-14, -9, 1018
-15, -8, 1015
-14, -8, 1014
-13, -9, 1012
-13, -8, 1016
-17, -11, 1014
-17, -11, 1014
84, 57, 1013
-43, -37, 1013
-86, -49, 1015
-,-,-
-10, -8, 1020
-19, -10, 1011
-14, -8, 1014
-14, -8, 1014
-14, -9, 1014
-15, -9, 1014
-14, -9, 1014
-14, -10, 1014
-15, -10, 1014
-15, -10, 1014
-15, -9, 1014
-14, -8, 1015
-14, -9, 1014
-14, -9, 1015
-15, -9, 1015
-15, -9, 1015
-14, -9, 1015
-14, -10, 1015
-14, -8, 1016
-14, -8, 1015
-14, -9, 1015
-14, -9, 1015
-,-,-
-14, -8, 1016
-17, -11, 1017
-14, -9, 1016
-14, -9, 1016
-15, -9, 1016
-15, -9, 1016
-15, -9, 1016
-,-,-
-20, -8, 1019
-20, -8, 1019
-11, -11, 1013
-14, -9, 1016
-,-,-
-19, -10, 1016
-19, -10, 1016
-12, -9, 1013
-15, -9, 1015
-16, -8, 1015
-15, -9, 1016
-15, -10, 1016
-,-,-
-16, -11, 1013
-13, -7, 1016
-13, -7, 1016
-15, -9, 1014
-14, -8, 1014
-15, -9, 1014
-15, -9, 1015
-15, -9, 1015
-15, -9, 1014
-,-,-
-8, -10, 1015
-22, -9, 1015
-14, -9, 1015
-14, -9, 1015
-15, -10, 1014
-15, -9, 1014
-15, -9, 1014
-15, -9, 1014
-14, -8, 1014
-14, -8, 1014
-15, -9, 1014
-14, -10, 1015
-15, -10, 1014
-15, -9, 1014
-14, -9, 1014
-14, -9, 1014
-14, -9, 1015
-15, -9, 1014
-15, -10, 1015
-15, -10, 1014
-15, -10, 1015
-15, -9, 1015
-15, -9, 1015
-15, -8, 1014
-,-,-
-15, -10, 1021
-16, -10, 1013
-14, -6, 1017
-14, -6, 1017
-17, -11, 1014
-15, -9, 1016
-,-,-
-17, -9, 1018
-15, -11, 1016
-15, -9, 1017
-15, -9, 1016
