-,-,-
-405, 51, 1027
-488, 34, 969
-555, 1, 1001
-563, 16, 989
-561, 43, 1008
-561, 43, 1008
-534, 55, 996
-479, 56, 991
-406, 39, 991
-358, 86, 1075
-263, 152, 1082
-159, 130, 1066
-61, 130, 1054
-61, 110, 1054
5, 101, 1079
162, 98, 1083
301, 77, 1065
399, 87, 1038
399, 87, 1023
499, 84, 1023
563, 8, 1016
646, -51, 1037
714, -58, 1088
715, -47, 1128
694, -37, 1076
694, -37, 1076
657, -58, 1054
-,-,-
-405, 63, 955
-371, -15, 934
-354, -60, 984
-364, -39, 1040
-343, -26, 986
-319, 11, 983
-299, 64, 1034
-299, 64, 1034
-282, 45, 1077
-272, 55, 1062
-244, 80, 1020
-186, 78, 1019
-132, 90, 1060
-101, 67, 1020
-72, 85, 989
-72, 85, 989
0, 73, 1015
88, 91, 1080
145, 100, 1111
189, 71, 1107
189, 71, 1107
227, 23, 994
305, 0, 998
395, 6, 1081
395, 6, 1081
420, -19, 1154
419, -87, 1088
439, -100, 1047
472, -71, 1080
526, -82, 1101
550, -71, 1133
564, -49, 1125
-,-,-
-323, -96, 1001
-350, -70, 1009
-403, -18, 1012
-444, -10, 991
-444, -10, 991
-448, -1, 939
-421, 9, 947
-415, 52, 1021
-409, 68, 1050
-371, 36, 1020
-282, 7, 934
-282, 7, 934
-199, 47, 1066
-167, 74, 1152
-171, 73, 1139
-118, 47, 1010
-43, 25, 993
-43, 25, 993
-8, 63, 1038
34, 63, 1116
117, 51, 1030
226, 53, 1011
226, 53, 1011
296, 12, 1069
330, 1, 1116
374, -44, 1090
412, -65, 1018
441, -89, 1029
441, -89, 1029
457, -94, 1064
480, -72, 1075
481, -36, 1112
491, -8, 1130
519, -49, 1139
-,-,-
-470, 7, 1020
-524, 55, 1075
-524, 55, 1075
-540, 7, 1009
-521, -64, 953
-506, -78, 940
-471, -22, 918
-436, 32, 963
-421, 54, 1037
-421, 54, 1037
-374, 53, 996
-296, 63, 929
-184, 94, 964
-108, 113, 1087
-95, 83, 1103
-48, 79, 1005
-48, 79, 1005
24, 119, 1012
108, 146, 1094
162, 159, 1195
221, 83, 1201
331, -11, 1088
331, -11, 1088
391, -17, 1093
402, -42, 1141
421, -67, 1159
458, -93, 1068
491, -76, 1069
516, -56, 1086
524, -67, 1108
519, -89, 1080
-,-,-
-473, -35, 1031
-515, -58, 954
-535, -81, 883
-526, -98, 933
-526, -98, 933
-556, 18, 996
-554, 59, 994
-518, 38, 937
-463, 48, 921
-416, 80, 955
-416, 80, 955
-350, 115, 977
-224, 114, 1035
-150, 103, 1106
-105, 133, 1114
-67, 135, 1116
18, 81, 1078
111, 36, 1071
111, 36, 1071
164, 41, 1101
185, 90, 1134
269, 70, 1111
347, 1, 1082
347, 1, 1082
388, -17, 1134
418, -8, 1172
446, -28, 1151
454, -70, 1079
484, -78, 1030
514, -53, 1070
514, -53, 1070
528, -26, 1123
-,-,-
-376, -29, 989
-376, -29, 989
-414, -2, 1010
-441, -18, 1042
-475, -29, 1072
-547, -25, 1041
-591, -30, 1006
-596, -4, 970
-545, 17, 945
-496, 15, 984
-496, 15, 984
-459, 20, 982
-419, 45, 968
-323, 71, 967
-225, 91, 1051
-175, 115, 1165
-142, 104, 1124
-142, 104, 1124
-68, 103, 1015
19, 97, 1048
78, 85, 1136
130, 67, 1115
195, 60, 1024
195, 60, 1024
264, 56, 1054
298, 83, 1124
337, 33, 1136
389, -34, 1097
464, -55, 1024
534, -42, 1031
534, -42, 1031
611, -42, 1050
660, -39, 1094
688, -45, 1147
690, -50, 1148
-,-,-
-403, 40, 1001
-398, -14, 961
-387, -66, 1020
-359, -19, 1076
-349, 78, 1099
-343, 123, 1103
-321, 84, 1105
-295, 30, 1115
-295, 30, 1115
-260, 84, 1055
-208, 175, 1049
-152, 150, 1085
-122, 126, 1116
-92, 153, 1050
-33, 203, 1049
9, 246, 1112
66, 213, 1157
66, 213, 1157
144, 183, 1184
231, 131, 1163
301, 100, 1110
349, 39, 1028
423, -36, 982
423, -36, 982
515, -59, 1018
577, -53, 1065
617, -62, 1046
626, -63, 1058
634, -40, 1076
-,-,-
-376, -13, 1000
-389, -31, 995
-418, -41, 1021
-413, -26, 1026
-426, 0, 1035
-426, 0, 1035
-427, 58, 1017
-396, 40, 970
-368, -11, 958
-343, 5, 1005
-307, 73, 1034
-249, 117, 1023
-249, 117, 1023
-204, 108, 1024
-179, 108, 1011
-128, 117, 1012
-57, 153, 1042
5, 193, 1106
71, 177, 1124
144, 120, 1100
236, 82, 1102
236, 82, 1102
333, 66, 1132
409, 40, 1139
460, -15, 1089
516, -56, 1042
570, -81, 1042
597, -58, 1070
597, -58, 1070
624, -34, 1087
-,-,-
-264, 3, 1027
-264, 3, 1027
-342, 68, 970
-356, 31, 1003
-267, 48, 1031
-255, 38, 984
-206, 82, 1003
-206, 82, 1003
-206, 88, 954
-172, 85, 994
-182, 94, 1001
-143, 76, 1007
-168, 72, 997
-176, 83, 996
-176, 83, 996
-53, 83, 997
-34, 51, 952
1, -3, 992
1, -3, 992
18, -36, 993
4, 59, 1013
116, 30, 1009
116, 30, 1009
160, 18, 978
192, -80, 1016
212, -62, 999
219, -16, 1010
283, -46, 1003
283, -46, 1003
299, -3, 1028
330, -33, 990
399, -6, 1000
416, 6, 1019
-,-,-
-53, 27, 1005
-53, 27, 1005
-102, 4, 1019
-126, 24, 1016
-161, 63, 1025
-236, 37, 1007
-264, 30, 999
-264, 30, 999
-247, 38, 1045
-292, 40, 963
-305, 81, 1029
-288, 81, 984
-271, 50, 999
-289, 56, 1033
-289, 56, 1033
-197, 77, 999
-150, 38, 988
-66, 52, 962
-70, 29, 988
-70, 29, 988
0, 17, 959
14, 55, 1001
104, 17, 1015
122, 23, 985
122, 23, 985
64, 0, 1006
44, 16, 1033
148, 28, 984
148, 28, 984
151, 28, 996
218, -22, 1045
205, -39, 1007
298, -36, 1027
298, -36, 1027
323, -44, 989
382, -24, 1025
358, -31, 1012
-,-,-
-256, 84, 1142
-304, 84, 1100
-304, 84, 1100
-315, 99, 1026
-292, 96, 976
-280, 79, 997
-336, 71, 1060
-387, 72, 1078
-386, 77, 1065
-386, 77, 1065
-359, 112, 1025
-301, 153, 955
-286, 181, 944
-266, 180, 1003
-186, 168, 1059
-115, 157, 1038
-89, 120, 1029
-47, 94, 1005
82, 111, 942
82, 111, 942
161, 85, 935
234, 99, 992
258, 57, 1060
258, 57, 1060
329, 33, 1036
419, 51, 991
446, 15, 1041
468, -12, 1057
496, 4, 1057
496, 4, 1057
484, 25, 1055
476, 62, 1058
444, 64, 1036
417, 38, 1004
-,-,-
-402, 60, 1065
-392, 40, 1028
-368, 76, 1017
-396, 99, 1003
-409, 119, 1005
-409, 119, 1005
-413, 138, 1008
-405, 130, 1026
-364, 141, 1037
-373, 188, 1032
-320, 208, 1033
-275, 239, 1022
-238, 184, 1047
-161, 169, 1057
-39, 181, 1017
73, 184, 991
79, 136, 1027
79, 136, 1027
84, 100, 1089
197, 119, 1070
333, 141, 992
414, 104, 979
408, 12, 1067
408, 12, 1067
430, -20, 1117
463, 9, 1087
470, 40, 1023
446, 41, 1023
446, 41, 1023
426, 56, 1089
401, 43, 1148
382, 42, 1133
-,-,-
-281, 66, 1035
-325, 66, 1028
-376, 64, 1041
-373, 73, 985
-347, 54, 961
-354, 76, 950
-354, 76, 950
-377, 117, 973
-376, 133, 1014
-316, 105, 1010
-203, 112, 1015
-148, 131, 996
-166, 170, 1012
-120, 167, 998
-63, 106, 1045
-63, 106, 1045
-44, 101, 1080
-7, 171, 1047
24, 208, 1023
31, 161, 1046
56, 108, 1076
56, 108, 1076
137, 126, 1050
203, 135, 1038
228, 82, 1040
288, 30, 1047
363, 27, 1045
411, 37, 1048
411, 37, 1048
425, 59, 1087
416, 84, 1095
433, 125, 1079
-,-,-
-200, 63, 1034
-269, 35, 1044
-276, 39, 1044
-295, 46, 1035
-315, 81, 1036
-347, 111, 1029
-319, 119, 1013
-319, 119, 1013
-306, 74, 1031
-303, 61, 1030
-290, 99, 1016
-253, 148, 976
-196, 107, 993
-180, 106, 1022
-187, 93, 1047
-193, 100, 1029
-161, 136, 997
-161, 136, 997
-82, 176, 991
-62, 153, 1050
-70, 125, 1093
-60, 134, 1068
-15, 164, 997
80, 143, 936
80, 143, 936
134, 74, 941
203, 29, 1013
297, 23, 1078
416, 59, 1069
416, 59, 1069
503, 84, 1043
555, 127, 1059
571, 173, 1123
-,-,-
-239, 111, 936
-291, 96, 972
-330, 64, 1055
-358, 77, 1076
-351, 124, 1033
-378, 153, 1016
-412, 166, 1029
-412, 166, 1029
-466, 161, 1062
-504, 146, 1082
-517, 132, 1040
-521, 176, 991
-505, 201, 984
-521, 179, 1017
-519, 184, 1055
-471, 202, 1044
-396, 241, 999
-346, 206, 1041
-277, 266, 1089
-195, 229, 1121
-195, 229, 1121
-111, 180, 1051
-35, 148, 948
80, 133, 963
154, 133, 1071
277, 92, 1098
400, 91, 1049
400, 91, 1049
529, 87, 965
603, 82, 993
626, 59, 1093
603, 42, 1133
603, 42, 1133
597, 84, 1104
595, 104, 1062
-,-,-
-297, 83, 1015
-297, 83, 1015
-355, 110, 1044
-453, 104, 1069
-520, 131, 1048
-556, 172, 1007
-573, 193, 980
-553, 155, 963
-563, 163, 977
-560, 181, 978
-554, 205, 965
-554, 205, 965
-515, 156, 1000
-412, 250, 1003
-260, 284, 1042
-136, 283, 1115
22, 253, 1130
132, 281, 1126
240, 211, 1156
285, 162, 1174
384, 136, 1104
384, 136, 1104
501, 148, 1020
579, 121, 1032
570, 90, 1134
546, 88, 1212
-,-,-
-154, -3, 1009
-198, 8, 1019
-239, 14, 1018
-258, 31, 996
-258, 31, 996
-322, 44, 1009
-417, 58, 1044
-493, 81, 1067
-574, 106, 1052
-614, 123, 1029
-587, 154, 997
-530, 153, 998
-530, 153, 998
-454, 135, 1012
-401, 145, 1044
-371, 183, 1058
-328, 200, 1076
-234, 206, 1036
-141, 218, 1022
-83, 222, 1044
-40, 195, 1088
-34, 176, 1155
22, 142, 1130
22, 142, 1130
81, 162, 1031
157, 198, 978
218, 155, 1028
262, 65, 1071
312, 27, 1042
312, 27, 1042
374, 16, 1034
472, 75, 1008
510, 129, 1062
-,-,-
-242, 6, 1064
-345, 22, 1075
-414, 71, 1041
-396, 123, 970
-397, 128, 950
-434, 131, 987
-434, 131, 987
-416, 120, 1006
-420, 110, 1046
-425, 150, 1059
-409, 178, 1060
-335, 207, 1020
-314, 183, 1009
-281, 210, 994
-258, 198, 1020
-202, 184, 1068
-101, 184, 1031
-62, 181, 973
-62, 181, 973
-73, 170, 992
-63, 151, 1044
32, 154, 1059
113, 120, 1044
141, 62, 1031
168, 38, 1038
168, 38, 1038
261, 9, 1057
383, 48, 1068
473, 99, 1088
-,-,-
-142, -32, 975
-145, -1, 952
-148, 31, 927
-148, 31, 927
-202, 52, 966
-285, 95, 1031
-407, 124, 1079
-525, 121, 1090
-607, 168, 1063
-669, 195, 1013
-739, 182, 1007
-780, 147, 1048
-780, 147, 1048
-782, 175, 1062
-706, 221, 1036
-567, 261, 980
-394, 200, 1017
-280, 277, 1088
-130, 311, 1167
40, 224, 1169
120, 228, 1154
184, 207, 1138
263, 176, 1118
263, 176, 1118
338, 133, 1041
372, 98, 977
410, 87, 999
429, 64, 1065
493, 34, 1071
493, 34, 1071
558, 49, 1044
603, 96, 1015
-,-,-
-107, 0, 1016
-118, 24, 987
-115, 39, 976
-151, 56, 976
-201, 51, 1024
-201, 51, 1024
-284, 63, 1070
-328, 75, 1037
-372, 60, 1022
-430, 70, 1027
-493, 106, 1042
-523, 146, 1045
-549, 168, 1025
-544, 150, 1032
-512, 148, 986
-512, 148, 986
-491, 172, 927
-469, 179, 933
-449, 142, 955
-399, 154, 1029
-292, 198, 1060
-106, 244, 1062
16, 243, 1076
68, 185, 1111
68, 185, 1111
200, 171, 1095
358, 186, 1058
496, 182, 1037
601, 170, 1068
727, 185, 1067
776, 196, 1086
776, 196, 1086
-,-,-
-164, -33, 1015
-231, 28, 1028
-231, 28, 1028
-250, 5, 1025
-280, -27, 1038
-329, -15, 1024
-366, 19, 1022
-406, 50, 1031
-426, 45, 1042
-420, 70, 1023
-419, 98, 1008
-419, 98, 1008
-421, 103, 1025
-426, 127, 1025
-403, 137, 1032
-370, 134, 1033
-290, 135, 989
-239, 132, 971
-198, 154, 1014
-120, 169, 1076
-36, 172, 1104
12, 148, 1117
12, 148, 1117
152, 157, 1037
321, 173, 917
430, 155, 971
430, 102, 1125
534, 76, 1137
534, 76, 1137
656, 127, 1071
677, 117, 1061
637, 78, 1159
-,-,-
-64, 29, 1031
-89, 43, 1034
-112, 61, 1047
-134, 56, 1043
-178, 52, 1068
-238, 66, 1082
-238, 66, 1082
-277, 78, 1061
-333, 113, 1045
-398, 120, 1049
-458, 125, 1102
-486, 127, 1088
-517, 128, 1034
-508, 141, 964
-490, 140, 971
-451, 146, 1019
-433, 144, 1070
-433, 144, 1070
-421, 110, 1072
-390, 134, 1095
-288, 155, 1158
-164, 165, 1181
-53, 164, 1125
11, 126, 1077
139, 111, 1006
350, 87, 980
350, 87, 980
491, 61, 984
619, 107, 948
663, 107, 973
710, 94, 1005
710, 94, 1005
736, 81, 1039
-,-,-
-210, 88, 954
-291, 94, 1004
-372, 88, 1042
-372, 88, 1042
-441, 109, 1075
-486, 119, 1093
-538, 133, 1056
-531, 159, 1006
-541, 187, 987
-571, 193, 987
-553, 173, 995
-524, 175, 980
-531, 198, 995
-531, 198, 995
-491, 254, 965
-413, 249, 951
-340, 265, 988
-217, 249, 1056
-77, 250, 1050
14, 216, 1043
109, 172, 1052
218, 179, 1031
218, 179, 1031
303, 161, 1043
390, 140, 1058
465, 123, 1074
551, 182, 1117
608, 215, 1120
-,-,-
-161, -3, 1010
-161, -3, 1010
-200, 33, 1055
-279, 49, 1041
-376, 56, 1050
-439, 75, 1081
-509, 127, 1088
-569, 149, 1075
-599, 186, 1046
-609, 208, 1035
-581, 208, 1037
-543, 202, 1049
-543, 202, 1049
-471, 211, 1037
-383, 193, 1009
-324, 171, 1002
-257, 144, 1010
-120, 176, 991
28, 209, 971
124, 193, 986
131, 92, 1076
131, 92, 1076
178, 30, 1100
332, 51, 1003
493, 88, 938
598, 128, 972
598, 128, 972
575, 90, 1085
596, 67, 1163
-,-,-
-284, 53, 990
-284, 53, 990
-365, 86, 1013
-386, 88, 1003
-379, 102, 1002
-400, 101, 1019
-456, 97, 1083
-485, 126, 1091
-480, 154, 1039
-447, 182, 1005
-413, 231, 980
-413, 231, 980
-375, 215, 967
-326, 242, 1005
-242, 227, 1030
-150, 210, 1065
-91, 199, 1066
-45, 183, 1043
8, 175, 1052
101, 188, 1049
101, 188, 1049
132, 157, 1026
170, 112, 998
231, 97, 1005
312, 140, 1028
370, 141, 1016
437, 135, 1010
437, 135, 1010
487, 129, 1083
509, 125, 1168
520, 142, 1193
-,-,-
-235, 71, 1073
-334, 104, 1095
-361, 117, 1050
-352, 138, 1028
-352, 138, 1028
-403, 131, 1066
-433, 129, 1109
-426, 155, 1095
-395, 171, 1038
-370, 179, 968
-337, 165, 925
-319, 151, 949
-326, 141, 1001
-265, 153, 1010
-201, 151, 991
-128, 135, 927
-128, 135, 927
-36, 141, 896
-16, 158, 938
-12, 126, 1005
56, 71, 1005
178, 75, 981
178, 75, 981
272, 95, 973
295, 85, 1051
303, 39, 1130
345, 18, 1127
345, 18, 1127
433, 53, 1072
505, 91, 1082
503, 115, 1134
461, 128, 1193
428, 51, 1171
-,-,-
-286, 10, 1045
-365, 11, 1058
-434, 30, 1093
-473, 46, 1081
-484, 56, 1039
-487, 57, 997
-497, 85, 991
-497, 85, 991
-465, 110, 1009
-434, 142, 1035
-385, 181, 1018
-315, 200, 956
-260, 191, 939
-181, 213, 957
-106, 231, 989
-89, 198, 998
-89, 198, 998
-91, 151, 1001
-38, 135, 987
90, 163, 1011
209, 176, 1076
270, 124, 1073
357, 87, 1064
357, 87, 1064
521, 128, 1064
627, 161, 1157
612, 139, 1264
563, 105, 1253
-,-,-
-223, 2, 1023
-255, 0, 1038
-266, 47, 1043
-302, 77, 1019
-302, 77, 1019
-312, 79, 1000
-404, 44, 1063
-463, 58, 1079
-520, 74, 1095
-552, 76, 1090
-562, 95, 1038
-560, 132, 985
-489, 144, 978
-489, 144, 978
-435, 135, 1004
-379, 89, 1000
-340, 138, 1003
-206, 266, 1057
-38, 312, 1121
96, 230, 1143
128, 110, 1136
193, 54, 1027
193, 54, 1027
329, 101, 891
385, 99, 906
427, 78, 1000
457, 19, 1026
457, 19, 1026
540, 48, 989
606, 102, 988
616, 128, 1065
561, 72, 1162
-,-,-
-352, 72, 1053
-410, 117, 1024
-473, 119, 1030
-485, 120, 1034
-483, 143, 1045
-482, 174, 1045
-450, 162, 991
-450, 162, 991
-406, 146, 954
-375, 171, 988
-315, 238, 991
-265, 182, 990
-259, 177, 986
-161, 210, 964
-64, 256, 963
-64, 256, 963
12, 233, 991
28, 169, 1029
14, 109, 1051
104, 145, 1030
233, 209, 997
233, 209, 997
272, 148, 1033
265, 58, 1099
317, 95, 1070
407, 175, 1033
450, 209, 1107
450, 209, 1107
454, 169, 1147
473, 145, 1148
482, 173, 1196
444, 144, 1264
-,-,-
-412, -121, 997
-444, -93, 955
-512, -83, 1042
-585, -49, 1044
-607, 22, 963
-572, -3, 923
-564, -8, 968
-532, 25, 951
-532, 25, 951
-443, 44, 892
-361, 80, 914
-323, 40, 993
-353, 79, 1027
-289, 102, 1003
-140, 83, 959
-140, 83, 959
22, 74, 939
87, 71, 1048
123, 41, 1141
123, 41, 1141
242, 24, 1157
388, 27, 1074
535, 35, 1039
606, 2, 1134
603, -13, 1220
603, -13, 1220
-,-,-
-270, -46, 1021
-337, -34, 1020
-389, -34, 1065
-435, -31, 1072
-480, -9, 1058
-472, 47, 1045
-452, 78, 1045
-422, 82, 1043
-423, 75, 1040
-389, 108, 1031
-389, 108, 1031
-316, 119, 998
-229, 116, 1007
-188, 113, 1014
-183, 161, 1033
-123, 150, 1038
-22, 133, 1038
116, 125, 1023
205, 83, 1037
236, 48, 1098
236, 48, 1098
273, 8, 1118
371, -8, 1060
483, -5, 1008
532, -4, 1001
532, -4, 1001
-,-,-
-212, -118, 1018
-272, -90, 1041
-329, -17, 1043
-381, -25, 1005
-426, -23, 1014
-472, -2, 1042
-486, 5, 1013
-476, 29, 991
-481, 60, 1016
-470, 103, 1044
-470, 103, 1044
-424, 129, 1059
-340, 128, 1029
-227, 109, 961
-172, 73, 967
-121, 65, 1018
-67, 89, 1053
55, 81, 1049
55, 81, 1049
149, 56, 1057
199, 39, 1117
259, 39, 1103
348, 40, 1068
449, 8, 1059
449, 8, 1059
516, -35, 1080
547, -39, 1082
554, -31, 1082
544, -29, 1107
-,-,-
-688, -87, 914
-689, -12, 882
-689, -12, 882
-698, 17, 873
-674, 26, 879
-598, -4, 940
-531, 5, 951
-465, 46, 984
-465, 46, 984
-422, 63, 1026
-337, 75, 1008
-239, 47, 989
-145, 51, 955
-48, 86, 1016
-48, 86, 1016
-12, 79, 1107
37, 48, 1133
147, 25, 1140
305, 24, 1094
305, 24, 1094
400, -2, 1083
473, -65, 1148
523, -88, 1159
545, -107, 1181
557, -111, 1203
554, -107, 1223
-,-,-
-361, -147, 991
-384, -158, 947
-407, -146, 974
-428, -139, 947
-441, -90, 958
-416, -84, 947
-415, -65, 976
-436, -26, 1037
-414, 7, 1025
-414, 7, 1025
-311, 14, 986
-234, 21, 1007
-220, 24, 1055
-234, 59, 1118
-134, 50, 1097
48, -3, 1095
48, -3, 1095
195, -46, 1081
284, -67, 1069
334, -76, 1109
397, -101, 1157
471, -137, 1149
529, -144, 1144
546, -127, 1120
546, -127, 1120
513, -124, 1133
-,-,-
-212, -165, 988
-267, -144, 980
-366, -91, 998
-429, -97, 962
-450, -88, 977
-450, -88, 977
-469, -63, 989
-470, -37, 969
-477, -15, 981
-496, 11, 998
-485, 30, 985
-446, 43, 982
-446, 43, 982
-388, 29, 993
-290, 53, 1016
-196, 72, 1081
-113, 88, 1102
-22, 62, 1079
100, 51, 1068
100, 51, 1068
239, 36, 1075
325, -4, 1085
380, -43, 1124
424, -81, 1089
480, -79, 1041
535, -64, 1042
535, -64, 1042
515, -62, 1115
509, -79, 1134
-,-,-
-213, -172, 975
-301, -204, 949
-386, -201, 951
-518, -82, 961
-586, -104, 935
-648, -106, 1001
-650, -83, 1005
-632, -32, 1007
-610, 29, 1010
-560, 40, 1011
-560, 40, 1011
-483, 67, 1071
-401, 62, 1044
-296, 79, 952
-216, 78, 981
-149, 68, 1062
-62, 55, 1097
-62, 55, 1097
68, 100, 1084
192, 88, 1082
297, 71, 1062
383, 20, 1103
481, 6, 1103
481, 6, 1103
565, 32, 1110
-,-,-
-373, -126, 938
-416, -77, 961
-416, -77, 961
-462, -59, 941
-460, -107, 945
-397, -112, 994
-377, -86, 1020
-378, -14, 1097
-399, 49, 1146
-402, 85, 1125
-369, 94, 1060
-318, 114, 1052
-256, 114, 1060
-256, 114, 1060
-189, 126, 1063
-154, 124, 1108
-97, 78, 1120
42, 38, 1053
193, 40, 991
309, 23, 1081
309, 23, 1081
398, -10, 1114
475, -51, 1092
546, -70, 1077
-,-,-
-262, -115, 993
-332, -79, 997
-401, -66, 984
-401, -66, 984
-456, -56, 999
-514, -27, 1045
-552, 3, 1063
-573, 69, 1024
-566, 106, 984
-554, 121, 971
-526, 135, 990
-457, 154, 1003
-457, 154, 1003
-376, 185, 1059
-289, 166, 1109
-174, 160, 1110
-5, 151, 1079
194, 135, 1075
358, 88, 1121
490, 6, 1153
490, 6, 1153
593, -48, 1159
696, -76, 1133
741, -116, 1156
722, -149, 1197
-,-,-
-318, -148, 984
-373, -107, 1010
-439, -104, 1000
-531, -66, 1018
-595, -25, 1008
-610, 20, 996
-610, 20, 996
-606, 76, 990
-589, 117, 1004
-550, 128, 1005
-477, 105, 1005
-351, 96, 973
-194, 85, 943
-194, 85, 943
-53, 103, 966
59, 115, 1042
116, 115, 1209
229, 81, 1209
394, 32, 1125
394, 32, 1125
540, 1, 1066
594, -35, 1085
617, -38, 1159
622, -36, 1202
649, -36, 1200
653, -52, 1178
-,-,-
-291, -60, 952
-359, -61, 1002
-359, -61, 1002
-433, -76, 1034
-503, -40, 1004
-595, 12, 990
-651, 62, 999
-670, 81, 1019
-649, 101, 1029
-602, 127, 1027
-538, 156, 995
-445, 173, 1035
-445, 173, 1035
-301, 202, 1041
-173, 203, 1033
-49, 221, 1106
65, 198, 1188
193, 160, 1181
330, 115, 1145
442, 63, 1126
545, 27, 1109
545, 27, 1109
621, 8, 1117
684, 10, 1136
712, 2, 1184
-,-,-
-421, -71, 968
-421, -71, 968
-479, -25, 991
-530, 23, 992
-575, 49, 970
-590, 40, 1003
-571, 28, 1005
-559, 41, 990
-559, 41, 990
-546, 90, 966
-466, 142, 946
-392, 207, 1017
-307, 236, 1143
-239, 233, 1191
-134, 187, 1108
28, 204, 1036
28, 204, 1087
144, 198, 1087
251, 155, 1162
315, 90, 1220
387, 29, 1206
458, -7, 1115
552, -55, 1029
552, -55, 1029
634, -69, 1038
-,-,-
-299, -89, 995
-376, -61, 1014
-450, -61, 1017
-527, -30, 1012
-566, 6, 1013
-575, 48, 1022
-575, 48, 1022
-582, 78, 1022
-566, 101, 1031
-543, 131, 1043
-471, 163, 1027
-344, 179, 1012
-203, 197, 1019
-96, 165, 1041
26, 140, 1019
121, 154, 1043
121, 154, 1043
205, 151, 1094
313, 123, 1153
443, 77, 1153
529, 21, 1144
610, -29, 1155
694, -50, 1138
694, -50, 1138
-,-,-
-297, -89, 1023
-388, -80, 1061
-456, -75, 1027
-512, -61, 993
-548, -26, 983
-548, -26, 983
-597, 48, 967
-637, 90, 965
-634, 104, 986
-593, 138, 1007
-503, 195, 1012
-371, 242, 1008
-303, 243, 1042
-207, 265, 1098
-207, 265, 1098
-10, 249, 1110
185, 271, 1156
306, 229, 1208
359, 178, 1221
411, 131, 1219
553, 103, 1173
658, 38, 1141
705, 7, 1130
705, 7, 1130
702, -23, 1085
-,-,-
-332, -13, 1016
-332, -13, 1016
-395, 6, 1062
-480, 29, 1059
-534, 39, 1069
-586, 64, 1064
-639, 121, 1029
-658, 125, 993
-652, 114, 996
-630, 138, 1008
-630, 138, 1008
-608, 178, 1030
-553, 211, 1003
-495, 244, 980
-361, 245, 922
-146, 291, 946
57, 296, 1081
267, 247, 1190
384, 180, 1229
384, 180, 1229
487, 146, 1187
648, 96, 1159
772, 43, 1179
831, 17, 1172
852, 10, 1192
800, -40, 1207
800, -40, 1207
-,-,-
-280, -23, 1003
-343, -13, 993
-404, -7, 1022
-493, -14, 1045
-571, 31, 1071
-620, 82, 1077
-630, 110, 1049
-616, 157, 1031
-616, 157, 1031
-591, 191, 1046
-536, 224, 1067
-465, 235, 1066
-377, 226, 1059
-250, 236, 1045
-120, 256, 1062
-2, 259, 1059
99, 232, 1115
205, 198, 1171
347, 182, 1165
347, 182, 1165
495, 161, 1159
629, 114, 1176
721, 74, 1197
-,-,-
-443, -13, 1072
-520, 33, 1082
-579, 69, 1066
-618, 95, 1040
-611, 91, 1002
-611, 91, 1002
-585, 88, 1007
-520, 120, 1017
-479, 166, 1057
-449, 207, 1078
-370, 210, 1032
-243, 228, 1001
-113, 265, 1032
5, 268, 1071
113, 255, 1109
113, 255, 1109
210, 201, 1122
340, 180, 1106
460, 120, 1111
602, 93, 1114
640, 48, 1161
667, -2, 1175
-,-,-
-233, -57, 1082
-290, -20, 1010
-372, 30, 1045
-444, 41, 1035
-520, 26, 1084
-610, 42, 1086
-610, 42, 1086
-696, 72, 1053
-738, 102, 1007
-743, 147, 1005
-707, 177, 999
-636, 213, 983
-525, 237, 1001
-396, 230, 1036
-251, 283, 1053
-56, 339, 1055
78, 355, 1123
78, 355, 1123
213, 340, 1220
414, 250, 1270
598, 137, 1222
736, 99, 1158
811, 39, 1166
-,-,-
852, -119, 1120
-,-,-
-337, 23, 1017
-418, 42, 1027
-513, 78, 1103
-579, 112, 1108
-597, 114, 1082
-607, 139, 1077
-609, 170, 1047
-593, 195, 1030
-550, 204, 1047
-491, 214, 1041
-385, 235, 1036
-385, 235, 1036
-259, 255, 1085
-160, 229, 1111
-33, 227, 1088
79, 215, 1080
197, 200, 1098
317, 167, 1095
388, 115, 1076
468, 46, 1040
468, 46, 1040
609, 11, 1039
-,-,-
-520, 16, 1006
-520, 16, 1006
-589, 37, 1047
-658, 61, 1061
-687, 103, 1068
-702, 152, 1072
-691, 185, 1025
-660, 210, 964
-588, 226, 966
-475, 252, 984
-342, 281, 1008
-342, 281, 1008
-228, 281, 1110
-136, 284, 1169
29, 289, 1106
310, 293, 1013
554, 264, 1054
726, 222, 1149
830, 204, 1193
873, 177, 1240
873, 177, 1240
-,-,-
-416, -35, 1006
-416, -35, 1006
-489, -1, 1027
-547, 20, 1050
-567, 29, 1059
-615, 65, 1045
-685, 129, 1024
-729, 164, 1016
-714, 161, 1024
-673, 171, 1015
-595, 205, 964
-453, 270, 938
-453, 270, 938
-346, 283, 1009
-226, 277, 1116
-33, 262, 1160
212, 290, 1071
472, 279, 1027
640, 161, 1127
698, 65, 1181
760, 70, 1176
760, 70, 1176
803, 94, 1149
-,-,-
-619, 32, 1088
-647, 73, 1016
-699, 122, 976
-715, 181, 994
-686, 178, 1051
-645, 231, 1053
-645, 231, 1053
-537, 288, 985
-395, 313, 971
-225, 355, 1022
-14, 394, 1050
142, 360, 1099
235, 292, 1156
305, 250, 1200
462, 265, 1147
462, 265, 1147
602, 227, 1103
664, 158, 1116
687, 119, 1155
741, 82, 1116
824, 92, 1045
842, 90, 1098
-,-,-
-455, 25, 1038
-455, 25, 1038
-496, 30, 1046
-532, 41, 1042
-570, 64, 1046
-649, 118, 1036
-727, 188, 1064
-757, 236, 1094
-719, 261, 1098
-650, 268, 1099
-518, 284, 1076
-518, 284, 1071
-367, 293, 1071
-263, 324, 1058
-167, 317, 1104
55, 298, 1136
249, 220, 1171
424, 162, 1130
586, 94, 1087
726, 46, 1043
726, 46, 1043
813, 20, 1020
855, 8, 1008
896, 14, 1034
886, 2, 1069
-,-,-
-401, -21, 1057
-470, 10, 1065
-555, 45, 1060
-555, 45, 1060
-641, 69, 1068
-721, 79, 1040
-740, 127, 995
-714, 205, 961
-648, 258, 923
-548, 270, 953
-416, 270, 1019
-276, 298, 1039
-276, 298, 1039
-126, 320, 1049
-46, 279, 1069
47, 293, 1092
184, 278, 1113
327, 254, 1101
450, 207, 1096
517, 145, 1101
581, 105, 1084
581, 105, 1084
692, 89, 1065
776, 108, 1063
788, 103, 1116
743, 84, 1154
-,-,-
-449, -11, 1026
-449, -11, 1026
-501, -9, 1051
-520, 5, 1046
-551, 22, 1034
-582, 84, 1013
-617, 120, 1006
-584, 142, 987
-495, 188, 938
-384, 225, 929
-384, 225, 929
-296, 256, 962
-272, 259, 1046
-182, 300, 1070
3, 297, 1038
166, 250, 1054
272, 232, 1108
275, 178, 1214
275, 178, 1214
400, 147, 1170
547, 111, 1086
628, 109, 1027
676, 144, 1093
652, 134, 1234
-,-,-
-398, -43, 1052
-454, -39, 1032
-495, -17, 1058
-531, -10, 1052
-574, 2, 1049
-605, 56, 1033
-607, 124, 1008
-570, 155, 990
-570, 155, 990
-512, 154, 967
-465, 162, 977
-402, 183, 997
-340, 225, 1004
-251, 252, 1018
-178, 260, 1062
-79, 264, 1067
23, 277, 1048
23, 277, 1048
117, 277, 1043
138, 245, 1132
225, 190, 1145
360, 142, 1094
450, 119, 1053
494, 114, 1020
465, 79, 1106
465, 79, 1106
484, 64, 1159
564, 84, 1127
604, 103, 1100
563, 75, 1125
531, 60, 1129
531, 60, 1129
498, 60, 1093
-,-,-
-335, -78, 1032
-404, -69, 1064
-404, -69, 1064
-485, -54, 1062
-547, -48, 1043
-597, -4, 1006
-621, 42, 965
-607, 75, 976
-583, 108, 989
-543, 144, 1005
-496, 165, 990
-421, 183, 949
-421, 183, 949
-315, 209, 983
-236, 215, 1046
-144, 209, 1042
-41, 211, 1014
1, 228, 1041
44, 250, 1104
44, 250, 1104
124, 225, 1161
191, 142, 1134
262, 101, 1025
287, 111, 996
377, 139, 1048
452, 131, 1106
555, 142, 1085
555, 142, 1085
676, 150, 1045
747, 137, 1117
766, 104, 1228
-,-,-
-341, -40, 972
-341, -40, 972
-405, -58, 1030
-486, -27, 1042
-555, 18, 1039
-591, 66, 1029
-613, 100, 1038
-625, 148, 1044
-640, 179, 1047
-624, 180, 1020
-560, 182, 1004
-447, 180, 981
-447, 180, 981
-345, 194, 964
-338, 219, 1023
-351, 224, 1053
-231, 235, 1029
-53, 241, 1035
64, 253, 1072
149, 248, 1102
170, 242, 1176
170, 242, 1176
292, 187, 1159
546, 157, 1023
744, 127, 999
830, 156, 1149
831, 172, 1324
813, 181, 1356
-,-,-
-143, -76, 1010
-185, -44, 955
-254, -24, 986
-305, -7, 971
-362, 21, 1026
-455, 17, 1096
-455, 17, 1096
-584, 44, 1153
-692, 79, 1140
-746, 100, 1095
-752, 114, 1055
-726, 109, 1015
-702, 142, 997
-645, 177, 1005
-521, 201, 1025
-404, 239, 976
-404, 239, 976
-310, 222, 1004
-213, 248, 1088
-62, 303, 1134
146, 356, 1176
318, 316, 1222
343, 255, 1308
352, 167, 1334
466, 140, 1209
466, 140, 1209
631, 142, 1037
774, 149, 979
786, 109, 1026
772, 25, 1082
778, -9, 1062
-,-,-
-120, -101, 924
-175, -103, 929
-246, -95, 945
-309, -70, 962
-396, -27, 962
-481, 30, 968
-481, 30, 968
-585, 55, 1031
-665, 81, 1068
-725, 119, 1062
-741, 154, 1007
-712, 179, 995
-669, 191, 1029
-606, 220, 1046
-526, 261, 1055
-526, 261, 1055
-431, 283, 1070
-321, 261, 1060
-209, 273, 1070
-75, 301, 1103
-5, 297, 1167
92, 255, 1168
204, 214, 1124
336, 182, 1112
336, 182, 1112
437, 162, 1099
470, 126, 1111
481, 129, 1125
508, 101, 1132
543, 96, 1106
535, 110, 1097
512, 100, 1094
-,-,-
-313, 10, 998
-366, 35, 974
-382, 11, 1004
-457, 14, 1011
-564, 54, 1028
-648, 103, 1033
-667, 132, 1016
-671, 159, 1005
-667, 214, 984
-667, 214, 984
-657, 252, 983
-620, 288, 979
-537, 301, 1016
-442, 282, 1035
-381, 291, 1028
-266, 331, 917
-170, 349, 978
6, 358, 1063
6, 358, 1063
161, 310, 1158
275, 248, 1188
363, 211, 1179
426, 175, 1123
514, 184, 1088
593, 153, 1110
593, 153, 1110
624, 139, 1187
645, 144, 1237
640, 132, 1209
-,-,-
-208, -134, 931
-241, -152, 892
-299, -131, 904
-366, -106, 888
-443, -117, 909
-538, -121, 922
-637, -50, 955
-721, 4, 987
-790, 59, 1051
-790, 59, 1051
-844, 108, 1117
-874, 164, 1088
-889, 189, 1038
-861, 181, 1026
-770, 206, 1052
-607, 280, 1051
-281, 343, 996
22, 346, 1045
301, 302, 1064
301, 302, 1064
533, 215, 1108
749, 144, 1111
919, 166, 1188
955, 139, 1331
936, 114, 1432
-,-,-
-248, -63, 983
-248, -63, 983
-328, -41, 1069
-382, -29, 1083
-439, -20, 1076
-520, 17, 1082
-588, 55, 1090
-625, 85, 1063
-640, 99, 1037
-629, 109, 1015
-621, 131, 998
-621, 131, 998
-614, 160, 1012
-526, 168, 980
-422, 216, 983
-372, 222, 1013
-299, 221, 1048
-180, 237, 1067
-37, 263, 1103
120, 262, 1131
261, 199, 1136
374, 199, 1109
374, 118, 1109
489, 82, 1090
599, 40, 1069
682, 18, 1085
746, -4, 1057
790, -10, 1050
790, -10, 1050
-,-,-
-241, -89, 932
-296, -36, 978
-366, 13, 1001
-366, 13, 1001
-414, -6, 1021
-485, -35, 1063
-571, -7, 1067
-628, 16, 1061
-700, 71, 1082
-732, 96, 1082
-726, 124, 1028
-711, 150, 1004
-648, 171, 965
-648, 171, 965
-571, 187, 966
-499, 212, 966
-389, 243, 970
-207, 278, 965
-42, 276, 1024
70, 260, 1083
189, 242, 1084
189, 242, 1084
363, 209, 1121
580, 168, 1103
706, 98, 1127
792, 49, 1236
867, 55, 1275
887, 59, 1236
887, 59, 1236
-,-,-
-280, -45, 1046
-316, -62, 1053
-367, -70, 1090
-430, -58, 1059
-500, -45, 1037
-555, -11, 1015
-584, 37, 999
-577, 72, 979
-569, 99, 976
-569, 99, 976
-564, 107, 986
-534, 135, 994
-453, 165, 968
-334, 233, 962
-261, 269, 983
-232, 252, 1068
-134, 255, 1078
56, 253, 1001
56, 253, 1001
261, 240, 1018
423, 162, 1092
568, 111, 1149
684, 84, 1125
734, 81, 1151
753, 72, 1161
753, 72, 1161
720, 72, 1227
660, 38, 1212
-,-,-
-311, -65, 984
-311, -65, 984
-386, -23, 1021
-473, 14, 1049
-569, 22, 1062
-635, 45, 1079
-675, 98, 1062
-687, 146, 1040
-679, 198, 1035
-634, 228, 1036
-537, 261, 1045
-537, 261, 1045
-409, 290, 1052
-332, 307, 1068
-248, 290, 1105
-162, 246, 1112
-29, 246, 1043
131, 252, 961
244, 210, 994
312, 131, 1090
410, 77, 1065
410, 77, 1065
553, 68, 988
656, 38, 992
690, -24, 1091
673, -85, 1164
673, -85, 1164
683, -66, 1109
699, -13, 1067
-,-,-
-341, -32, 1082
-386, -13, 1048
-435, -14, 1058
-497, -7, 1039
-558, 20, 1038
-587, 38, 1038
-609, 69, 1044
-618, 105, 1041
-626, 121, 1022
-613, 156, 979
-573, 192, 956
-573, 192, 956
-519, 223, 966
-428, 264, 1010
-332, 284, 1030
-198, 325, 1025
-42, 304, 1025
140, 241, 1120
329, 205, 1140
546, 172, 1060
546, 172, 1060
685, 125, 1107
752, 49, 1202
808, -3, 1231
855, 5, 1194
844, 19, 1187
-,-,-
-394, -8, 1028
-394, -8, 1028
-480, -10, 1085
-586, 2, 1081
-667, 47, 1045
-716, 68, 1019
-716, 91, 983
-700, 114, 977
-700, 114, 977
-640, 152, 973
-571, 193, 998
-466, 225, 1007
-362, 216, 1020
-294, 200, 1009
-198, 209, 1024
-35, 232, 1017
135, 258, 1057
242, 237, 1140
344, 186, 1167
344, 186, 1167
444, 125, 1160
569, 101, 1068
661, 82, 1068
682, 50, 1126
659, 5, 1150
659, 5, 1150
-,-,-
-298, -107, 974
-316, -71, 925
-361, -27, 938
-411, -8, 995
-471, 4, 1072
-543, 20, 1087
-543, 20, 1087
-613, 47, 1077
-678, 76, 1094
-703, 99, 1043
-692, 137, 961
-662, 154, 908
-616, 212, 916
-542, 235, 948
-542, 235, 948
-455, 262, 1021
-433, 262, 1074
-385, 233, 1070
-252, 223, 1021
-78, 230, 974
83, 223, 1010
253, 193, 1117
489, 91, 1115
489, 91, 1115
732, -3, 1103
873, -56, 1128
889, -60, 1233
846, -39, 1277
803, 4, 1197
-,-,-
-272, -87, 957
-310, -55, 956
-335, -35, 971
-351, 33, 1027
-351, 33, 1027
-383, 78, 1137
-446, 108, 1196
-498, 143, 1192
-491, 146, 1178
-484, 146, 1129
-481, 139, 1043
-474, 143, 1010
-458, 157, 1041
-442, 155, 1119
-417, 165, 1105
-375, 145, 959
-299, 142, 871
-299, 142, 871
-149, 150, 887
-62, 134, 1028
1, 109, 1111
70, 59, 1007
205, 66, 926
205, 66, 926
357, 57, 994
506, 56, 1127
575, 0, 1196
575, 0, 1196
668, -30, 1121
699, -67, 1071
-,-,-
-346, -1, 965
-398, 42, 1009
-458, 55, 1026
-458, 55, 1026
-500, 58, 1018
-567, 82, 1039
-635, 123, 1036
-711, 132, 1056
-770, 123, 1067
-800, 123, 1038
-793, 157, 974
-751, 186, 958
-692, 182, 1004
-692, 182, 1004
-581, 181, 1020
-417, 220, 952
-215, 300, 929
-14, 343, 970
199, 334, 1074
397, 290, 1202
555, 203, 1263
635, 144, 1226
635, 144, 1226
682, 133, 1121
691, 107, 1112
662, 88, 1178
612, 45, 1187
-,-,-
-608, -21, 986
-624, 46, 987
-650, 98, 1006
-655, 130, 1026
-655, 130, 1026
-616, 153, 995
-557, 199, 990
-468, 261, 993
-402, 284, 1056
-352, 273, 1118
-305, 221, 1122
-215, 224, 1056
-85, 260, 1047
19, 256, 1115
19, 256, 1115
68, 215, 1149
133, 159, 1113
300, 129, 1038
438, 84, 1062
551, 33, 1111
593, -18, 1148
593, -18, 1148
610, -29, 1142
590, -49, 1113
565, -75, 1064
-,-,-
-251, -120, 993
-286, -89, 990
-324, -77, 985
-324, -77, 985
-372, -79, 988
-444, -77, 1019
-528, -65, 1014
-571, -46, 989
-599, -29, 973
-615, 1, 960
-632, 31, 944
-632, 31, 944
-626, 53, 942
-586, 85, 970
-551, 132, 992
-485, 161, 955
-398, 180, 952
-302, 176, 996
-302, 176, 996
-188, 199, 1043
-107, 185, 1091
7, 126, 1060
181, 128, 966
321, 126, 989
440, 140, 1140
440, 140, 1140
548, 66, 1222
-,-,-
-349, -60, 964
-349, -60, 964
-400, -79, 994
-435, -65, 1004
-472, -30, 1018
-496, -19, 1014
-510, 7, 1021
-531, 36, 1041
-541, 92, 1068
-519, 136, 1055
-466, 131, 1013
-404, 122, 992
-404, 122, 992
-349, 160, 986
-297, 206, 1019
-198, 232, 1073
-88, 195, 1078
11, 148, 1027
113, 129, 977
292, 121, 944
292, 121, 944
377, 49, 1030
472, -26, 1054
537, -64, 1007
593, -54, 905
627, 32, 961
-,-,-
-516, -46, 1018
-516, -46, 1018
-574, -30, 1047
-598, -18, 1005
-566, -11, 964
-525, -8, 991
-511, 10, 1025
-496, 53, 1036
-473, 77, 986
-440, 98, 940
-440, 98, 940
-370, 134, 906
-293, 176, 935
-226, 246, 1015
-123, 219, 1063
-34, 198, 1026
89, 215, 996
89, 215, 996
185, 219, 1074
290, 173, 1156
404, 80, 1148
508, 29, 1102
606, 14, 1084
606, 14, 1084
697, 36, 1140
-,-,-
-467, -19, 992
-528, 17, 978
-528, 17, 978
-563, 30, 935
-571, 52, 969
-554, 116, 1029
-537, 187, 1095
-524, 213, 1120
-503, 205, 1097
-450, 184, 1039
-450, 184, 1039
-377, 193, 984
-319, 254, 995
-277, 276, 1061
-249, 235, 1142
-156, 223, 1104
34, 234, 978
162, 204, 986
220, 138, 1085
220, 138, 1085
291, 79, 1089
425, 62, 1001
581, 59, 967
677, 21, 1049
702, -8, 1153
702, -8, 1153
-,-,-
-368, -43, 1008
-397, -43, 990
-439, -42, 1044
-497, -51, 1051
-547, -44, 1024
-582, 6, 986
-615, 73, 981
-615, 73, 981
-637, 103, 1012
-617, 104, 1016
-577, 105, 1004
-511, 136, 961
-385, 217, 891
-282, 230, 937
-204, 183, 1100
-137, 139, 1186
-2, 173, 1079
-2, 173, 1079
185, 203, 940
291, 131, 1043
411, 61, 1146
571, 42, 1099
711, 49, 1053
711, 49, 1053
762, 20, 1101
744, -18, 1151
699, -34, 1140
665, -13, 1091
582, -15, 1093
-,-,-
-440, -57, 968
-440, -57, 968
-515, -41, 1000
-603, 1, 1007
-666, 52, 1016
-698, 110, 1023
-701, 130, 984
-670, 146, 919
-618, 176, 892
-618, 176, 892
-562, 192, 925
-490, 220, 987
-412, 240, 1015
-305, 245, 997
-136, 265, 1006
-14, 256, 1140
114, 234, 1218
221, 161, 1174
352, 91, 1064
352, 91, 1064
504, 72, 1017
600, 14, 1083
647, -72, 1123
686, -99, 1089
737, -25, 1056
737, -25, 1056
-,-,-
-561, 34, 977
-616, 70, 975
-662, 111, 1053
-685, 166, 1063
-708, 203, 1046
-686, 236, 1027
-621, 269, 1014
-523, 300, 1007
-523, 300, 1007
-459, 306, 1048
-423, 276, 1079
-343, 273, 1056
-199, 303, 999
-48, 316, 971
60, 298, 1057
178, 233, 1136
334, 202, 1095
334, 202, 1095
501, 178, 1071
589, 133, 1109
617, 60, 1154
609, 2, 1149
-,-,-
-462, 39, 969
-462, 39, 969
-491, 39, 1011
-506, 72, 1007
-537, 95, 1006
-534, 133, 994
-489, 143, 945
-436, 152, 959
-399, 167, 987
-399, 167, 987
-404, 186, 1019
-416, 207, 1034
-341, 241, 1000
-235, 235, 993
-149, 207, 1047
-117, 185, 1132
-59, 183, 1108
83, 199, 962
83, 199, 962
213, 179, 944
306, 110, 1047
335, 65, 1147
449, 56, 1102
551, 54, 1086
551, 54, 1086
-,-,-
-471, 42, 1028
-533, 19, 1039
-574, 50, 1083
-589, 103, 1031
-598, 161, 997
-603, 186, 1037
-604, 173, 1063
-595, 203, 1072
-595, 203, 1072
-567, 246, 1032
-514, 277, 971
-436, 281, 965
-331, 305, 1047
-199, 332, 1122
-83, 310, 1086
51, 267, 976
228, 270, 907
228, 270, 907
381, 255, 1029
521, 184, 1168
608, 112, 1200
727, 103, 1132
802, 77, 1133
-,-,-
-263, 4, 944
-284, 0, 925
-363, 47, 1002
-438, 104, 1010
-462, 86, 992
-462, 86, 992
-477, 58, 1009
-518, 43, 1008
-553, 75, 1002
-612, 146, 1057
-648, 204, 1082
-630, 244, 1100
-647, 239, 1099
-679, 231, 1004
-681, 249, 906
-681, 249, 906
-624, 272, 848
-532, 341, 938
-373, 406, 1092
-142, 427, 1091
36, 339, 1148
192, 197, 1170
349, 33, 1034
349, 33, 1034
501, 19, 902
681, 61, 881
771, 44, 1036
843, 33, 1111
865, 34, 1167
865, 34, 1167
867, 13, 1222
-,-,-
-480, -13, 985
-557, 76, 1028
-562, 71, 1044
-621, 86, 1092
-643, 138, 1070
-643, 138, 1070
-650, 193, 1001
-622, 220, 944
-545, 257, 913
-481, 283, 978
-433, 299, 1079
-392, 311, 1061
-317, 339, 982
-149, 401, 919
-43, 381, 1014
-43, 381, 1014
69, 328, 1127
172, 280, 1150
355, 254, 1045
556, 208, 1001
686, 134, 1124
711, 73, 1255
720, 60, 1264
720, 60, 1264
738, 62, 1231
-,-,-
-547, 97, 942
-573, 82, 927
-608, 109, 946
-676, 174, 943
-715, 209, 1017
-725, 223, 1068
-725, 223, 1068
-705, 296, 1051
-670, 327, 1028
-620, 362, 975
-486, 338, 939
-349, 356, 1015
-231, 381, 1090
-109, 369, 1035
46, 344, 951
217, 337, 1050
217, 337, 1050
407, 318, 1200
542, 231, 1230
664, 163, 1204
700, 91, 1209
730, 77, 1223
-,-,-
-462, 124, 1015
-531, 109, 1033
-582, 132, 1031
-641, 149, 973
-688, 217, 963
-721, 275, 989
-717, 303, 1009
-678, 317, 1012
-640, 349, 1019
-640, 349, 1019
-601, 362, 1022
-521, 356, 986
-411, 366, 990
-288, 377, 1057
-151, 418, 1072
-46, 353, 1106
83, 262, 1088
205, 223, 1089
355, 216, 1079
355, 216, 1079
547, 177, 1102
679, 66, 1103
779, -22, 1050
-,-,-
-390, 80, 1050
-467, 112, 1009
-522, 106, 1058
-566, 113, 1059
-606, 142, 1048
-643, 221, 1057
-648, 258, 1066
-630, 260, 1039
-537, 316, 963
-409, 341, 977
-289, 305, 995
-289, 305, 995
-205, 276, 1025
-147, 261, 1057
-10, 305, 1008
115, 325, 1001
271, 258, 1055
408, 153, 1149
529, 93, 1153
529, 93, 1153
657, 43, 1034
751, 49, 1019
-,-,-
-596, 65, 993
-596, 65, 993
-621, 125, 1024
-678, 213, 1072
-752, 305, 1172
-789, 343, 1235
-775, 389, 1151
-722, 404, 1052
-632, 378, 964
-529, 395, 977
-396, 404, 1027
-244, 390, 1043
-244, 390, 1043
-55, 351, 955
208, 331, 854
412, 266, 907
599, 150, 957
774, 89, 976
774, 89, 976
887, 60, 981
920, 61, 1044
-,-,-
-479, 21, 1053
-521, 80, 978
-553, 140, 995
-616, 177, 1048
-694, 193, 1141
-750, 248, 1171
-763, 294, 1091
-763, 294, 1091
-727, 299, 970
-650, 303, 892
-541, 333, 944
-405, 382, 1043
-260, 380, 1031
-96, 361, 1035
160, 363, 1012
346, 302, 1078
453, 238, 1181
453, 238, 1181
490, 142, 1264
552, 92, 1176
618, 87, 991
690, 51, 944
730, 18, 1081
-,-,-
-470, 126, 998
-510, 171, 1023
-555, 175, 1037
-563, 146, 1036
-577, 145, 1059
-586, 196, 1054
-569, 222, 1019
-569, 222, 1019
-528, 239, 1020
-483, 251, 1037
-411, 257, 1027
-302, 240, 1015
-197, 235, 1025
-99, 192, 1002
1, 192, 1018
91, 191, 1058
192, 164, 1092
192, 164, 1092
310, 85, 1112
468, 45, 1071
640, 42, 1041
711, 5, 1102
729, -49, 1150
729, -49, 1150
712, -68, 1139
-,-,-
-369, 33, 1052
-422, 43, 1036
-468, 56, 1044
-518, 105, 990
-538, 103, 987
-562, 112, 1061
-566, 140, 1096
-558, 174, 1044
-558, 174, 1044
-551, 200, 966
-547, 251, 972
-478, 304, 1006
-344, 330, 994
-210, 313, 1000
-109, 278, 1009
-12, 267, 1011
149, 266, 973
280, 250, 1005
280, 250, 1005
363, 214, 1034
497, 205, 1068
627, 175, 1102
720, 134, 1169
714, 79, 1256
666, 15, 1306
666, 15, 1306
618, -55, 1217
558, -104, 1109
-,-,-
-476, 38, 1031
-494, 46, 1001
-493, 62, 1046
-534, 64, 1062
-605, 86, 1072
-642, 135, 1059
-619, 158, 1021
-542, 159, 973
-473, 168, 953
-473, 168, 953
-431, 159, 1009
-377, 180, 1028
-269, 267, 990
-163, 284, 997
-83, 235, 1042
32, 181, 1057
167, 206, 1057
281, 178, 1076
281, 178, 1076
365, 123, 1090
427, 85, 1143
442, 11, 1169
506, -47, 1100
570, -112, 1017
602, -152, 1011
606, -155, 1109
-,-,-
-495, -2, 963
-543, 58, 1018
-570, 97, 1090
-570, 97, 1090
-576, 100, 1087
-549, 139, 1039
-435, 175, 1026
-289, 162, 1008
-230, 159, 994
-212, 189, 996
-212, 199, 1004
-147, 213, 1069
-12, 237, 1079
95, 245, 1129
95, 245, 1129
134, 212, 1205
110, 139, 1199
139, 99, 1071
236, 110, 968
384, 80, 902
384, 80, 902
496, 38, 927
590, 16, 991
666, 0, 1050
-,-,-
-376, -120, 1041
-460, -110, 1003
-508, -66, 1015
-555, -25, 971
-588, -35, 931
-582, -27, 963
-538, 10, 1001
-494, 46, 1039
-468, 54, 1003
-400, 84, 987
-400, 84, 987
-287, 89, 994
-177, 54, 1004
-95, 83, 1006
-117, 162, 1043
-17, 200, 1032
143, 152, 1137
143, 152, 1137
289, 94, 1153
435, 87, 1075
549, 65, 1048
609, 79, 1078
681, 52, 1141
681, 52, 1141
731, 58, 1218
724, 78, 1248
-,-,-
-524, -79, 969
-524, -79, 969
-582, -20, 962
-609, 15, 956
-635, 51, 942
-657, 76, 910
-665, 96, 904
-665, 96, 904
-662, 133, 870
-621, 202, 860
-574, 237, 937
-508, 216, 970
-429, 241, 986
-304, 253, 940
-149, 255, 960
-149, 255, 960
-56, 210, 1111
27, 201, 1146
80, 229, 1194
223, 214, 1176
364, 149, 1161
440, 69, 1184
440, 69, 1184
505, 21, 1174
577, -18, 1129
642, -34, 1066
691, -66, 1047
-,-,-
-491, -52, 1036
-491, -52, 1036
-535, 2, 1051
-565, 55, 945
-556, 67, 891
-546, 80, 937
-514, 121, 1018
-505, 150, 1093
-451, 164, 1060
-451, 164, 1060
-388, 206, 977
-312, 215, 957
-232, 201, 1021
-155, 208, 1096
-88, 224, 1095
7, 230, 1067
150, 210, 1050
251, 188, 1090
251, 188, 1090
341, 162, 1138
423, 124, 1181
539, 62, 1123
616, 19, 1141
660, -3, 1197
685, -6, 1217
685, -6, 1217
678, -11, 1167
-,-,-
-160, -14, 991
-213, 9, 985
-265, 7, 1053
-330, -2, 1085
-424, 15, 1117
-544, 61, 1124
-618, 118, 1122
-618, 118, 1122
-660, 160, 1110
-685, 176, 1069
-651, 196, 1014
-582, 211, 958
-503, 226, 942
-420, 242, 962
-344, 218, 1010
-229, 235, 989
-130, 254, 979
-39, 254, 985
-39, 238, 985
78, 263, 1050
154, 252, 1135
264, 233, 1127
388, 173, 1103
471, 94, 1111
471, 94, 1111
511, 44, 1129
603, 9, 1131
656, -35, 1128
-,-,-
-277, -32, 962
-291, -33, 950
-291, -33, 950
-289, -16, 935
-333, -35, 984
-436, -44, 1040
-547, -15, 1072
-624, 36, 1041
-657, 93, 1001
-687, 75, 969
-703, 129, 1013
-703, 129, 1013
-688, 191, 1052
-644, 232, 1027
-562, 245, 962
-486, 248, 945
-405, 294, 1013
-221, 284, 1014
7, 242, 995
208, 202, 1013
208, 202, 1013
343, 160, 1078
370, 113, 1187
422, 69, 1209
495, 16, 1153
599, 3, 1061
612, 44, 1108
612, 44, 1108
591, 27, 1191
-,-,-
-255, -49, 1008
-299, -47, 1022
-343, -19, 1010
-343, -19, 1010
-411, -10, 1024
-523, -16, 1041
-602, 2, 1043
-638, 38, 1035
-636, 89, 1012
-603, 132, 976
-560, 128, 973
-492, 131, 973
-492, 131, 973
-417, 140, 958
-354, 176, 936
-267, 182, 922
-212, 151, 984
-148, 157, 1038
-50, 238, 1047
17, 255, 1081
23, 168, 1182
23, 168, 1182
35, 113, 1216
129, 112, 1155
256, 120, 1082
335, 75, 1055
368, -13, 1086
-,-,-
-316, -48, 963
-339, -55, 1017
-375, -26, 1067
-447, -5, 1074
-447, -5, 1074
-526, 5, 1052
-567, 63, 987
-590, 89, 956
-613, 112, 970
-634, 133, 968
-655, 137, 941
-655, 137, 941
-638, 175, 971
-556, 188, 955
-440, 194, 905
-326, 224, 925
-209, 261, 980
-18, 206, 1098
163, 121, 1251
163, 121, 1251
321, 118, 1211
453, 121, 1103
554, 69, 1127
630, -11, 1143
685, -87, 1195
722, -73, 1207
716, -41, 1162
716, -41, 1162
-,-,-
-522, 88, 999
-522, 88, 999
-564, 126, 1047
-592, 103, 1025
-585, 86, 979
-564, 106, 977
-516, 147, 1000
-468, 181, 993
-435, 198, 988
-351, 204, 997
-351, 204, 997
-293, 207, 1016
-227, 236, 1039
-149, 276, 1049
-60, 287, 1071
53, 263, 1096
148, 215, 1056
250, 166, 1002
344, 102, 1039
344, 102, 1039
442, 41, 1094
542, 27, 1130
614, -1, 1157
642, -27, 1189
618, -55, 1189
554, -55, 1137
-,-,-
-383, -29, 999
-383, -29, 999
-446, -13, 1044
-541, 37, 1049
-633, 75, 1031
-699, 91, 990
-726, 107, 978
-740, 121, 938
-745, 173, 917
-745, 173, 917
-729, 191, 925
-701, 167, 928
-644, 175, 979
-530, 219, 986
-403, 231, 959
-248, 238, 945
-62, 238, 982
-62, 238, 982
139, 196, 1026
381, 144, 1107
571, 83, 1180
688, 43, 1194
760, 7, 1158
760, 7, 1158
783, -18, 1176
764, -15, 1209
714, -9, 1205
-,-,-
-331, -35, 989
-331, -35, 989
-400, -24, 998
-491, 35, 1013
-562, 62, 1054
-611, 91, 1044
-641, 124, 1054
-655, 115, 1046
-648, 115, 990
-619, 139, 988
-619, 139, 988
-564, 147, 1011
-522, 165, 997
-469, 207, 994
-407, 202, 974
-300, 199, 984
-171, 184, 1024
-23, 210, 1010
107, 186, 1045
107, 186, 1045
290, 133, 1099
450, 56, 1180
619, 2, 1164
739, -48, 1214
784, -32, 1256
796, -33, 1222
796, -33, 1222
-,-,-
-417, -14, 955
-475, -9, 931
-534, -13, 1004
-595, 20, 1025
-636, 57, 1017
-636, 57, 1017
-674, 99, 1025
-678, 156, 1054
-653, 210, 1062
-625, 234, 1077
-557, 244, 1089
-433, 258, 1062
-317, 249, 1072
-197, 270, 1087
-85, 231, 1039
35, 282, 1032
35, 282, 1032
219, 246, 1103
403, 177, 1155
539, 126, 1229
617, 63, 1256
666, 11, 1173
724, -7, 1085
-,-,-
-506, 24, 929
-547, 42, 1000
-599, 82, 1008
-599, 82, 1008
-649, 165, 1030
-661, 200, 992
-649, 188, 956
-577, 128, 998
-498, 129, 1050
-438, 185, 1058
-357, 224, 1029
-249, 264, 998
-84, 268, 978
-84, 268, 978
36, 252, 1082
153, 192, 1162
261, 150, 1191
358, 108, 1177
443, 50, 1145
443, 50, 1145
-,-,-
-253, -5, 1020
-304, -16, 982
-323, -26, 983
-354, -19, 990
-413, -2, 1023
-413, -2, 1023
-498, 28, 1057
-591, 75, 1070
-675, 139, 1089
-740, 211, 1114
-788, 267, 1077
-818, 343, 1031
-767, 384, 962
-625, 368, 882
-373, 357, 873
-373, 357, 915
-124, 335, 915
121, 274, 902
403, 236, 1004
596, 141, 1232
659, 0, 1392
709, -66, 1390
-,-,-
-470, 38, 1004
-518, 61, 1057
-518, 61, 1057
-584, 63, 1027
-644, 79, 1019
-703, 125, 1023
-735, 163, 1029
-753, 178, 1001
-764, 189, 982
-739, 185, 963
-666, 209, 949
-666, 209, 949
-532, 230, 953
-386, 269, 944
-184, 292, 938
59, 253, 892
299, 192, 957
438, 126, 1144
438, 126, 1144
543, 53, 1307
631, 26, 1319
675, 44, 1276
666, 17, 1201
-,-,-
-462, 70, 936
-462, 70, 936
-541, 81, 958
-597, 96, 964
-622, 100, 991
-634, 146, 1042
-629, 203, 1128
-629, 218, 1152
-629, 218, 1152
-574, 226, 1129
-485, 231, 1062
-395, 215, 1020
-259, 188, 956
-134, 187, 1005
-60, 141, 1074
21, 151, 1075
184, 142, 1080
368, 71, 1080
368, 71, 1080
-,-,-
-385, 21, 921
-398, 34, 975
-448, 25, 1024
-517, 65, 1056
-561, 104, 1051
-578, 143, 1052
-606, 187, 1014
-625, 230, 1041
-617, 241, 1062
-562, 247, 1054
-562, 247, 1054
-477, 273, 1050
-374, 254, 1000
-240, 206, 942
-77, 204, 934
60, 236, 1026
190, 175, 1125
361, 82, 1187
361, 82, 1187
505, 21, 1200
-,-,-
-591, 79, 1082
-622, 111, 1068
-637, 116, 1042
-692, 127, 1066
-732, 174, 1102
-732, 174, 1102
-706, 202, 1075
-624, 192, 984
-527, 190, 951
-461, 190, 1000
-370, 185, 1018
-263, 196, 1005
-116, 215, 934
20, 220, 926
77, 217, 1026
77, 217, 1026
139, 176, 1186
236, 134, 1218
309, 125, 1171
371, 94, 1115
457, 35, 1085
457, 35, 1085
-,-,-
-552, 89, 1008
-552, 89, 1008
-603, 119, 1030
-669, 138, 1050
-714, 159, 1024
-724, 189, 1022
-691, 197, 1000
-629, 214, 976
-560, 250, 945
-487, 259, 946
-390, 220, 964
-390, 220, 964
-281, 201, 1001
-148, 256, 1011
-31, 288, 1045
59, 254, 1105
155, 163, 1169
285, 125, 1171
420, 115, 1156
522, 52, 1169
522, 52, 1169
592, -2, 1162
-,-,-
-539, 50, 1036
-570, 85, 1006
-619, 104, 999
-619, 104, 999
-687, 130, 1055
-707, 148, 1106
-694, 183, 1110
-645, 220, 1070
-580, 243, 1049
-508, 257, 1026
-423, 236, 984
-344, 233, 949
-265, 229, 925
-154, 195, 889
-154, 195, 889
-38, 199, 943
73, 200, 1044
169, 173, 1108
260, 143, 1111
352, 101, 1118
506, 76, 1139
506, 76, 1139
626, 33, 1214
-,-,-
-352, 13, 1009
-404, 38, 961
-404, 38, 961
-446, 55, 1025
-501, 63, 1094
-559, 93, 1074
-576, 136, 1024
-568, 178, 1013
-572, 195, 1000
-578, 200, 1032
-597, 209, 1014
-563, 209, 981
-563, 221, 981
-493, 232, 943
-433, 224, 896
-357, 231, 907
-251, 172, 946
-129, 146, 980
18, 127, 986
18, 127, 986
188, 142, 1042
348, 99, 1130
514, 13, 1213
650, -44, 1269
686, -51, 1283
686, -51, 1283
-,-,-
-465, -32, 1008
-502, 101, 1055
-504, 90, 1018
-504, 90, 1018
-515, 114, 1027
-530, 156, 1038
-515, 195, 1082
-491, 206, 1077
-462, 189, 1008
-427, 207, 1020
-374, 191, 1011
-318, 196, 969
-260, 211, 972
-244, 190, 979
-192, 168, 1019
-192, 168, 1019
-64, 133, 1113
34, 101, 1127
140, 97, 1098
274, 91, 1109
388, 76, 1137
469, 52, 1163
469, 52, 1163
520, 19, 1195
-,-,-
-169, -75, 987
-253, 12, 1048
-274, -29, 1053
-330, -21, 1018
-421, -5, 1020
-493, 35, 1022
-541, 83, 990
-541, 83, 990
-576, 109, 994
-586, 148, 959
-583, 130, 958
-540, 122, 981
-494, 142, 1021
-442, 136, 990
-378, 115, 930
-378, 115, 930
-276, 70, 925
-129, 105, 933
-19, 125, 972
60, 99, 1057
-,-,-
-431, 22, 985
-496, 109, 1041
-502, 43, 986
-499, 53, 986
-499, 53, 986
-504, 77, 1048
-512, 134, 1080
-541, 164, 1099
-558, 192, 1124
-542, 217, 1072
-482, 202, 1030
-375, 155, 1024
-240, 136, 1039
-147, 136, 1037
-93, 184, 1010
-93, 184, 1010
22, 184, 1049
131, 132, 1152
233, 82, 1167
364, 41, 1177
461, 6, 1224
461, 6, 1224
508, -44, 1199
545, -75, 1160
-,-,-
-383, 55, 982
-357, 147, 1048
-300, 82, 1039
-263, 78, 1018
-263, 78, 1018
-237, 105, 1035
-194, 133, 1022
-118, 91, 995
-54, 92, 1022
4, 52, 1095
30, 34, 1099
30, 34, 1099
75, 51, 1063
155, 78, 1043
202, 51, 1084
202, 51, 1084
241, -6, 1140
275, -46, 1154
361, -27, 1107
-,-,-
-552, 76, 1057
-589, 69, 1019
-562, 96, 982
-564, 110, 980
-509, 118, 996
-458, 107, 991
-387, 101, 986
-311, 91, 1012
-311, 91, 1012
-251, 78, 983
-224, 75, 990
-194, 92, 959
-123, 89, 1009
-39, 74, 1072
18, 41, 1095
18, 41, 1095
62, 52, 1060
124, 51, 1032
235, 32, 1001
235, 32, 1001
320, -8, 1055
377, -53, 1087
445, -58, 1091
500, -48, 1114
-,-,-
-340, -35, 1019
-459, 44, 1017
-479, 42, 1031
-499, 45, 1008
-531, 67, 984
-537, 97, 963
-537, 97, 963
-538, 111, 983
-522, 113, 1016
-519, 133, 1039
-515, 140, 1047
-482, 124, 1022
-382, 102, 962
-255, 121, 994
-181, 132, 1079
-109, 91, 1060
-109, 91, 1060
18, 121, 1075
168, 94, 1104
337, 48, 1111
500, 8, 1147
598, -14, 1178
598, -14, 1178
624, -43, 1159
604, -58, 1167
572, -49, 1172
-,-,-
-506, -9, 1091
-665, 82, 1045
-653, 96, 1106
-672, 121, 1114
-673, 139, 1081
-673, 184, 1048
-609, 181, 1042
-609, 181, 1042
-525, 176, 1016
-439, 143, 1006
-391, 148, 1003
-335, 142, 1004
-241, 208, 938
-102, 160, 940
23, 179, 1025
157, 126, 1131
366, 121, 1141
366, 121, 1141
503, 60, 1167
560, -1, 1184
596, -41, 1139
631, -56, 1086
658, -33, 1101
-,-,-
-304, -17, 974
-422, 88, 1066
-435, 122, 1088
-493, 102, 1103
-566, 96, 1076
-621, 139, 1026
-621, 139, 1026
-676, 146, 996
-713, 165, 1004
-713, 196, 1029
-668, 218, 1001
-564, 215, 986
-454, 192, 1004
-308, 157, 989
-149, 104, 961
33, 136, 949
33, 136, 949
197, 101, 1012
331, 56, 1090
449, 19, 1166
572, 13, 1180
679, 12, 1154
679, 12, 1154
721, -12, 1178
709, 6, 1164
671, -11, 1194
-,-,-
-431, -50, 903
-503, 31, 970
-563, 2, 982
-563, 2, 982
-615, 4, 971
-687, 8, 977
-725, 75, 994
-725, 75, 994
-736, 100, 998
-714, 154, 978
-650, 178, 988
-517, 165, 974
-352, 176, 926
-214, 205, 942
-127, 208, 1041
-22, 166, 1054
-22, 166, 1054
109, 145, 1004
243, 183, 1026
341, 165, 1104
430, 88, 1179
507, 31, 1156
559, 25, 1095
559, 25, 1095
612, 18, 1076
643, 6, 1152
-,-,-
-426, 82, 1064
-516, 134, 1089
-570, 127, 1082
-617, 93, 1070
-638, 121, 1016
-657, 171, 976
-663, 172, 968
-633, 174, 962
-601, 172, 947
-601, 172, 947
-534, 170, 905
-389, 184, 892
-263, 225, 970
-173, 195, 1116
-62, 170, 1090
113, 181, 976
310, 153, 978
310, 153, 978
419, 111, 1125
494, 15, 1237
558, -51, 1182
670, -29, 1103
761, 23, 1187
-,-,-
-232, -64, 928
-239, -3, 985
-239, -3, 985
-290, -32, 1006
-363, 21, 982
-447, 68, 979
-499, 111, 982
-554, 90, 1022
-604, 99, 1025
-604, 99, 1025
-680, 85, 1038
-728, 125, 1069
-738, 181, 1019
-693, 196, 993
-610, 194, 957
-485, 202, 924
-363, 200, 962
-236, 126, 1024
-86, 117, 987
-86, 117, 987
106, 116, 946
265, 145, 1013
359, 109, 1161
486, 61, 1243
605, 48, 1251
605, 48, 1251
688, 9, 1258
708, -28, 1255
723, -82, 1207
-,-,-
-380, 44, 827
-449, 79, 973
-485, 64, 1083
-544, 89, 1084
-588, 148, 1038
-653, 186, 1064
-694, 167, 1038
-691, 189, 992
-691, 189, 992
-657, 216, 927
-582, 248, 901
-502, 238, 952
-398, 244, 1024
-321, 259, 1073
-210, 213, 1085
-115, 189, 1067
-34, 168, 1032
30, 145, 1055
30, 145, 1055
141, 95, 1052
290, 33, 1017
444, 1, 1072
583, -36, 1148
662, -93, 1192
662, -93, 1192
708, -126, 1227
715, -129, 1262
-,-,-
-530, 26, 1000
-523, 97, 921
-515, 104, 912
-515, 104, 912
-532, 135, 993
-573, 101, 1108
-601, 116, 1139
-594, 125, 1092
-563, 129, 1047
-520, 131, 1001
-448, 133, 954
-395, 149, 969
-355, 143, 990
-355, 143, 990
-278, 160, 963
-133, 182, 936
18, 150, 1000
138, 72, 1085
278, 0, 1156
397, -102, 1213
397, -102, 1213
542, -109, 1246
614, -131, 1343
-,-,-
-269, -127, 959
-394, 21, 948
-410, -31, 935
-451, -2, 1029
-499, 68, 1053
-523, 119, 984
-523, 119, 984
-537, 140, 926
-527, 144, 920
-527, 136, 972
-504, 165, 1011
-481, 198, 977
-404, 220, 967
-297, 231, 972
-191, 199, 1030
-191, 199, 1030
-73, 199, 1087
110, 199, 1108
301, 143, 1163
503, 82, 1181
675, 23, 1298
790, -40, 1375
-,-,-
-448, 42, 986
-494, 52, 999
-541, 41, 982
-587, 69, 988
-611, 102, 982
-622, 149, 968
-622, 149, 968
-624, 175, 1030
-587, 177, 1077
-503, 197, 1085
-393, 197, 1063
-267, 206, 1060
-117, 200, 1044
50, 158, 1119
214, 91, 1219
355, 37, 1214
355, 37, 1214
501, -19, 1142
641, -57, 1081
724, -93, 1115
751, -113, 1148
729, -113, 1137
-,-,-
-776, 77, 982
-913, 104, 976
-1064, 134, 920
-1054, 151, 935
-1054, 151, 935
-934, 226, 960
-763, 328, 1038
-602, 400, 1115
-402, 416, 1094
-176, 358, 1086
83, 268, 1114
284, 215, 1112
450, 182, 1113
557, 111, 1182
557, 111, 1182
656, 46, 1269
-,-,-
-394, -1, 951
-466, -6, 987
-507, -8, 970
-543, 2, 951
-543, 2, 951
-565, 17, 938
-621, 24, 963
-657, 56, 1003
-665, 70, 1020
-655, 76, 997
-655, 76, 997
-627, 83, 964
-563, 118, 908
-435, 131, 904
-250, 166, 939
-164, 181, 1034
-61, 149, 1107
128, 127, 1125
128, 127, 1125
340, 111, 1114
504, 67, 1115
595, 6, 1158
635, -4, 1180
663, -13, 1247
663, -13, 1247
-,-,-
-582, 78, 1027
-688, 111, 1013
-723, 136, 988
-753, 152, 976
-753, 172, 937
-722, 200, 858
-635, 202, 859
-635, 202, 859
-505, 224, 935
-346, 238, 990
-183, 256, 1006
-49, 220, 1068
72, 157, 1100
195, 85, 1137
350, 77, 1139
350, 77, 1139
498, 58, 1147
601, 6, 1178
661, -41, 1237
722, -66, 1232
799, -51, 1181
-,-,-
-466, 69, 990
-531, 69, 1042
-605, 73, 1070
-664, 85, 1091
-700, 106, 1078
-696, 146, 1044
-695, 179, 995
-682, 166, 992
-682, 166, 992
-637, 164, 1025
-565, 196, 1041
-471, 226, 1049
-358, 222, 1035
-196, 221, 993
-37, 225, 1044
151, 193, 1093
317, 148, 1070
428, 83, 1116
428, 83, 1116
541, 15, 1220
645, -64, 1258
734, -69, 1188
744, -73, 1097
699, -78, 1091
677, -102, 1181
664, -126, 1226
-,-,-
-562, 38, 1034
-642, 63, 1070
-717, 65, 1027
-766, 102, 948
-766, 102, 948
-790, 153, 894
-810, 179, 919
-792, 189, 991
-736, 204, 1022
-640, 253, 1007
-522, 269, 999
-393, 269, 977
-258, 276, 1008
-132, 269, 1057
-21, 257, 1098
-21, 257, 1098
58, 232, 1145
160, 191, 1174
270, 157, 1187
353, 103, 1194
430, 38, 1148
533, -6, 1114
533, -6, 1114
609, -48, 1183
683, -76, 1240
693, -112, 1275
-,-,-
-360, 8, 971
-447, 15, 1005
-447, 15, 1005
-510, 36, 994
-592, 81, 996
-665, 136, 967
-746, 147, 959
-852, 148, 980
-937, 165, 978
-937, 165, 978
-996, 206, 952
-976, 274, 897
-876, 344, 862
-704, 419, 925
-453, 463, 1002
-191, 486, 1109
64, 432, 1198
367, 381, 1187
367, 381, 1187
700, 340, 1137
901, 223, 1235
988, 60, 1488
1034, -51, 1513
1009, -110, 1399
-,-,-
-162, -71, 1011
-198, -40, 972
-219, -49, 935
-283, -27, 938
-390, 2, 964
-390, 2, 964
-514, 44, 987
-641, 80, 1007
-774, 99, 982
-935, 60, 945
-1125, 45, 950
-1125, 45, 950
-1191, 119, 909
-1216, 205, 824
-1130, 261, 841
-878, 354, 835
-505, 477, 884
-48, 532, 966
261, 494, 1090
544, 369, 1206
544, 369, 1206
801, 206, 1245
985, 151, 1300
1063, 76, 1312
1059, 5, 1460
-,-,-
-322, -40, 946
-367, -7, 958
-446, 8, 981
-446, 8, 981
-533, 39, 1000
-620, 75, 980
-696, 80, 971
-778, 80, 960
-778, 80, 960
-824, 115, 952
-858, 159, 1005
-859, 171, 1026
-849, 185, 994
-771, 197, 987
-608, 222, 1026
-351, 290, 971
-90, 300, 979
-90, 300, 979
146, 258, 1094
319, 155, 1230
587, 84, 1271
790, 51, 1199
860, -20, 1196
894, -71, 1219
894, -71, 1219
856, -96, 1297
776, -112, 1331
669, -150, 1230
-,-,-
-246, -45, 968
-275, -38, 967
-275, -38, 967
-326, -13, 973
-372, 11, 969
-448, 39, 996
-510, 45, 1021
-589, 54, 1041
-654, 69, 1045
-654, 69, 1045
-693, 116, 1017
-730, 146, 985
-763, 147, 958
-744, 165, 945
-666, 223, 891
-519, 279, 886
-346, 281, 952
-150, 308, 1023
-8, 286, 1069
-8, 286, 1069
210, 254, 1115
378, 188, 1159
566, 140, 1179
669, 72, 1277
678, -3, 1299
678, -3, 1299
728, -33, 1244
-,-,-
-288, -36, 961
-398, 38, 977
-408, -2, 945
-472, 11, 972
-544, 39, 987
-544, 39, 987
-636, 66, 1010
-690, 94, 1031
-719, 117, 1009
-743, 146, 966
-683, 189, 921
-561, 218, 897
-561, 218, 897
-454, 241, 943
-349, 215, 1033
-198, 168, 1071
8, 148, 1064
169, 135, 1087
317, 92, 1144
432, 34, 1182
432, 34, 1182
473, -18, 1194
493, -17, 1130
484, -9, 1105
448, -7, 1108
433, 8, 1159
433, 8, 1159
-,-,-
-433, 39, 950
-521, 82, 971
-555, 89, 954
-596, 97, 970
-616, 118, 967
-616, 118, 967
-645, 135, 980
-676, 170, 1002
-683, 199, 1004
-652, 204, 1004
-540, 226, 996
-380, 247, 1018
-211, 247, 1012
-49, 215, 1069
127, 176, 1135
127, 176, 1135
293, 141, 1131
425, 101, 1136
495, 38, 1147
538, -4, 1144
543, -40, 1141
509, -46, 1130
491, -33, 1132
-,-,-
-356, 15, 935
-390, 30, 958
-440, 38, 963
-440, 38, 963
-508, 60, 964
-605, 85, 952
-691, 101, 961
-773, 118, 985
-890, 145, 953
-890, 145, 953
-1020, 191, 925
-1129, 197, 963
-1225, 221, 995
-1169, 305, 936
-835, 424, 838
-421, 450, 894
-4, 483, 999
358, 434, 1138
358, 434, 1138
646, 306, 1221
779, 164, 1288
766, 52, 1303
704, -8, 1250
683, -39, 1266
690, -47, 1286
662, -69, 1253
662, -69, 1253
641, -84, 1183
618, -111, 1081
-,-,-
-266, -15, 921
-266, -15, 921
-330, 2, 936
-429, 27, 973
-515, 59, 980
-605, 92, 1015
-686, 128, 1035
-758, 151, 1014
-821, 146, 1018
-821, 146, 1018
-793, 161, 984
-721, 194, 951
-584, 219, 937
-431, 206, 946
-301, 192, 1001
-150, 200, 1014
0, 196, 1043
96, 146, 1080
96, 146, 1080
151, 123, 1127
228, 108, 1125
324, 76, 1143
386, 43, 1134
427, 12, 1098
427, 12, 1098
-,-,-
-327, -4, 900
-365, 2, 902
-426, 25, 889
-485, 59, 934
-528, 72, 976
-578, 80, 992
-578, 80, 992
-632, 102, 987
-666, 130, 957
-691, 129, 974
-697, 130, 998
-690, 155, 979
-669, 167, 964
-669, 167, 964
-588, 181, 937
-465, 195, 922
-319, 192, 1006
-183, 163, 1078
-24, 159, 1076
146, 144, 1090
302, 108, 1161
404, 67, 1241
404, 67, 1241
469, 40, 1236
506, 10, 1175
518, 11, 1159
533, 20, 1163
-,-,-
-409, 71, 892
-444, 83, 967
-444, 83, 967
-508, 79, 1024
-579, 87, 1094
-641, 118, 1074
-668, 155, 1030
-666, 168, 985
-659, 145, 983
-653, 128, 1022
-633, 145, 1014
-557, 169, 999
-557, 169, 999
-423, 167, 1027
-286, 158, 1037
-137, 143, 1049
14, 121, 1100
129, 90, 1162
236, 62, 1183
345, 28, 1152
345, 28, 1152
413, 18, 1125
448, 22, 1120
454, 7, 1158
446, -19, 1145
-,-,-
-423, -46, 952
-423, -46, 952
-502, -23, 931
-582, 15, 924
-656, 41, 920
-753, 95, 916
-844, 141, 917
-899, 173, 968
-899, 173, 968
-903, 191, 965
-854, 245, 881
-793, 272, 838
-666, 278, 824
-530, 292, 944
-324, 301, 1002
-115, 251, 1054
102, 163, 1129
102, 163, 1129
282, 67, 1171
405, 26, 1226
561, 19, 1258
637, -1, 1269
669, -37, 1244
678, -78, 1198
-,-,-
-378, -5, 962
-447, 20, 946
-500, 39, 904
-500, 39, 904
-579, 58, 909
-689, 88, 944
-829, 144, 978
-951, 149, 1020
-990, 162, 1013
-954, 199, 959
-835, 245, 900
-835, 245, 900
-673, 263, 920
-482, 240, 945
-280, 183, 959
-69, 151, 993
174, 127, 1005
359, 68, 1059
359, 68, 1059
460, -17, 1158
509, -64, 1223
561, -71, 1201
662, -48, 1123
656, -49, 1131
-,-,-
-611, 164, 880
-775, 185, 937
-850, 221, 979
-920, 246, 1043
-951, 300, 1066
-934, 357, 1048
-934, 357, 1048
-861, 402, 955
-735, 405, 901
-586, 398, 925
-402, 401, 1019
-232, 414, 1133
-145, 373, 1177
-14, 329, 1152
192, 334, 1161
385, 258, 1129
385, 258, 1129
490, 131, 1139
627, 39, 1164
691, -62, 1199
696, -137, 1226
-,-,-
-547, 28, 968
-610, 67, 1000
-680, 75, 1031
-740, 109, 1033
-779, 147, 1052
-764, 214, 1003
-691, 288, 945
-573, 350, 956
-573, 350, 956
-447, 378, 1000
-297, 347, 1029
-95, 326, 998
147, 345, 1002
356, 293, 1097
562, 175, 1217
682, 74, 1404
723, 10, 1452
723, 10, 1452
747, -21, 1363
762, -24, 1243
727, -52, 1152
-,-,-
-478, 38, 975
-554, 48, 989
-642, 68, 972
-642, 68, 972
-739, 92, 1004
-809, 154, 1025
-838, 209, 1001
-799, 245, 952
-718, 276, 929
-578, 342, 964
-426, 380, 1056
-266, 335, 1044
-43, 302, 964
-43, 302, 964
249, 296, 918
452, 218, 1030
572, 102, 1160
625, 0, 1274
681, -45, 1339
681, -45, 1339
725, -49, 1338
-,-,-
-483, 95, 1023
-529, 133, 1026
-529, 133, 1026
-580, 148, 965
-646, 157, 943
-729, 168, 964
-820, 185, 1003
-873, 232, 992
-848, 250, 973
-756, 276, 935
-640, 298, 936
-640, 298, 936
-479, 288, 934
-284, 283, 941
-68, 289, 971
128, 284, 1028
313, 211, 1098
514, 122, 1139
712, 33, 1232
712, 33, 1232
870, -23, 1349
935, -34, 1360
857, -26, 1328
-,-,-
-503, 80, 1019
-568, 85, 1031
-568, 85, 1031
-614, 104, 977
-645, 134, 927
-665, 162, 974
-687, 214, 1027
-678, 258, 1055
-625, 253, 1033
-533, 236, 1001
-415, 233, 979
-253, 237, 971
-253, 237, 971
-68, 232, 1004
124, 187, 1060
305, 119, 1113
454, 53, 1183
555, 15, 1262
579, 11, 1286
579, 11, 1286
-,-,-
-698, 142, 956
-826, 166, 948
-878, 205, 885
-872, 279, 812
-877, 333, 793
-877, 333, 793
-837, 364, 901
-776, 363, 1001
-678, 355, 999
-534, 397, 950
-399, 413, 958
-241, 409, 1028
-38, 382, 1089
163, 348, 1113
163, 348, 1113
297, 275, 1172
401, 195, 1195
546, 138, 1161
685, 79, 1125
750, 44, 1217
750, 10, 1278
-,-,-
-489, 95, 1025
-545, 78, 994
-545, 78, 994
-574, 120, 918
-598, 149, 872
-589, 217, 843
-565, 259, 898
-481, 304, 1036
-414, 333, 1095
-366, 354, 1039
-315, 316, 996
-315, 316, 996
-236, 282, 1040
-105, 269, 1138
27, 238, 1216
192, 167, 1214
326, 78, 1185
440, 9, 1159
440, 9, 1159
532, -48, 1194
584, -80, 1232
588, -92, 1196
-,-,-
-458, 127, 907
-522, 144, 954
-564, 144, 1010
-603, 136, 1017
-612, 156, 982
-597, 194, 966
-562, 208, 970
-501, 209, 972
-437, 214, 987
-437, 214, 987
-381, 205, 1008
-296, 191, 1018
-188, 208, 1004
-102, 194, 1049
-46, 181, 1117
17, 143, 1168
86, 91, 1162
206, 57, 1109
206, 57, 1109
325, 34, 1062
424, 8, 1045
468, -18, 1086
472, -55, 1134
477, -64, 1145
477, -64, 1145
-,-,-
-406, 45, 1016
-452, 65, 1079
-483, 73, 1048
-483, 73, 1048
-496, 97, 1025
-534, 108, 1009
-575, 110, 1039
-586, 110, 1056
-561, 138, 1038
-503, 147, 994
-427, 144, 993
-367, 149, 1005
-234, 195, 1007
-114, 218, 1029
-19, 182, 1049
-19, 182, 1049
98, 124, 1086
250, 74, 1088
395, 56, 1083
462, 25, 1092
491, -7, 1124
491, -7, 1124
505, -23, 1156
517, -12, 1156
-,-,-
-327, 58, 1003
-327, 58, 1003
-409, 53, 1031
-469, 48, 1069
-539, 41, 1061
-585, 66, 1031
-625, 116, 987
-645, 154, 986
-675, 151, 1022
-673, 175, 994
-673, 175, 994
-623, 213, 976
-541, 218, 960
-397, 225, 953
-212, 241, 979
-83, 232, 1047
66, 220, 1090
66, 220, 1090
183, 162, 1132
274, 109, 1176
373, 60, 1160
440, 24, 1146
471, 10, 1134
506, 15, 1136
506, 15, 1136
505, 4, 1145
501, -11, 1141
-,-,-
-634, 124, 957
-634, 124, 957
-723, 141, 948
-790, 158, 958
-814, 163, 965
-844, 224, 930
-843, 284, 934
-792, 311, 987
-672, 314, 1011
-672, 314, 1011
-523, 320, 980
-340, 326, 934
-153, 315, 968
35, 287, 1041
229, 244, 1116
371, 206, 1225
474, 155, 1357
517, 103, 1352
517, 103, 1352
502, 70, 1245
488, 40, 1095
549, 69, 1026
558, 68, 1097
516, 25, 1180
516, 25, 1180
-,-,-
-470, 77, 1035
-474, 72, 1055
-503, 86, 960
-503, 86, 933
-518, 115, 933
-572, 123, 965
-632, 129, 1014
-677, 136, 1008
-666, 157, 976
-633, 174, 931
-575, 216, 881
-516, 240, 820
-516, 240, 820
-384, 258, 840
-247, 296, 969
-88, 346, 1084
110, 310, 1165
248, 258, 1268
331, 191, 1380
434, 126, 1424
505, 126, 1371
505, 70, 1371
548, 50, 1297
548, 9, 1209
521, -31, 1148
-,-,-
-479, 125, 982
-508, 120, 1094
-549, 106, 1155
-549, 106, 1155
-632, 118, 1140
-715, 151, 1094
-740, 187, 1054
-702, 257, 952
-629, 307, 910
-574, 305, 946
-476, 279, 972
-319, 274, 981
-114, 286, 977
49, 286, 1000
49, 262, 1000
136, 188, 1103
243, 118, 1157
388, 76, 1126
542, 59, 1072
650, 28, 1066
650, 28, 1066
670, -15, 1115
642, -51, 1160
628, -48, 1159
618, -34, 1106
-,-,-
-462, 94, 1004
-486, 126, 1042
-487, 159, 1001
-475, 166, 984
-489, 156, 1006
-478, 180, 1047
-467, 199, 1078
-467, 199, 1078
-434, 198, 1057
-331, 222, 1026
-230, 213, 990
-101, 226, 1004
-1, 239, 1070
81, 219, 1095
183, 175, 1131
273, 123, 1157
399, 66, 1128
399, 66, 1128
474, 20, 1128
552, -5, 1140
598, -28, 1124
594, -44, 1117
556, -73, 1167
-,-,-
-490, 103, 978
-541, 125, 983
-552, 122, 991
-579, 140, 1004
-597, 155, 1002
-598, 183, 1005
-580, 186, 1040
-533, 196, 1047
-482, 202, 1001
-482, 202, 1001
-427, 208, 986
-351, 219, 1025
-250, 221, 1055
-163, 196, 1104
-84, 181, 1126
14, 154, 1118
132, 143, 1102
218, 109, 1069
313, 69, 1058
313, 69, 1058
390, 40, 1104
464, 4, 1174
539, 0, 1189
568, -14, 1244
568, -14, 1244
-,-,-
-487, 101, 942
-509, 123, 935
-509, 123, 935
-561, 116, 962
-577, 148, 980
-613, 154, 998
-608, 162, 1004
-579, 157, 984
-532, 162, 980
-464, 160, 996
-464, 160, 996
-392, 162, 1014
-295, 164, 1044
-219, 188, 1056
-135, 198, 1083
-78, 164, 1105
-19, 140, 1111
80, 108, 1128
228, 95, 1087
321, 64, 1112
321, 64, 1112
357, 26, 1204
431, 18, 1242
528, 25, 1251
584, 13, 1204
584, 13, 1204
-,-,-
-377, 61, 941
-395, 67, 964
-395, 74, 998
-395, 74, 998
-439, 88, 1035
-487, 108, 1057
-514, 120, 1072
-521, 127, 1065
-504, 139, 1022
-477, 154, 992
-443, 173, 1004
-403, 180, 1030
-341, 178, 1032
-251, 181, 1034
-251, 181, 1034
-133, 185, 1040
-38, 175, 1073
70, 175, 1118
108, 124, 1150
192, 95, 1129
299, 71, 1067
393, 28, 1054
393, 28, 1054
460, -7, 1103
-,-,-
-453, 116, 1017
-523, 104, 1084
-560, 113, 1077
-584, 127, 1029
-584, 173, 988
-599, 187, 991
-610, 168, 1028
-610, 168, 1028
-610, 169, 1026
-585, 172, 1043
-514, 191, 1039
-380, 202, 1027
-238, 209, 1019
-74, 199, 1044
47, 153, 1031
179, 121, 1062
299, 96, 1136
299, 96, 1136
404, 83, 1201
443, 25, 1243
461, -29, 1192
461, -45, 1128
495, -32, 1093
503, -25, 1109
-,-,-
-368, 82, 1010
-442, 108, 962
-536, 108, 919
-622, 109, 963
-694, 111, 993
-758, 149, 1026
-801, 200, 1047
-797, 229, 1059
-713, 254, 1028
-713, 254, 1028
-578, 262, 1000
-456, 239, 1018
-314, 232, 1075
-162, 198, 1118
48, 156, 1103
258, 150, 1073
435, 130, 1058
579, 67, 1106
654, 10, 1170
654, 10, 1170
680, -41, 1141
704, -63, 1069
669, -73, 1072
-,-,-
-428, 47, 948
-428, 47, 948
-490, 98, 940
-532, 110, 953
-563, 141, 954
-620, 179, 994
-668, 200, 1050
-700, 200, 1080
-690, 210, 1043
-632, 202, 1013
-632, 202, 1013
-581, 196, 984
-495, 200, 956
-347, 235, 1006
-239, 238, 1033
-207, 194, 1057
-82, 160, 1032
164, 132, 1012
439, 119, 1040
555, 82, 1146
555, 82, 1146
573, 23, 1219
615, -29, 1230
698, -48, 1171
-,-,-
-366, 82, 964
-366, 82, 964
-481, 113, 1003
-618, 133, 1002
-700, 159, 995
-773, 185, 1009
-874, 202, 1022
-971, 228, 1047
-977, 274, 1087
-903, 317, 1047
-748, 302, 979
-547, 268, 959
-547, 268, 959
-312, 257, 983
-54, 269, 1067
151, 262, 1138
300, 209, 1231
399, 115, 1288
505, 51, 1229
604, 40, 1081
604, 40, 1081
620, 41, 1018
604, 36, 1046
577, 21, 1157
-,-,-
-366, 1, 778
-435, 47, 836
-512, 85, 933
-512, 85, 933
-578, 114, 1005
-625, 174, 985
-680, 184, 1002
-721, 212, 1019
-788, 206, 1058
-844, 197, 1101
-820, 184, 1088
-713, 202, 1036
-549, 223, 975
-549, 223, 928
-362, 239, 928
-117, 273, 961
48, 288, 1040
138, 199, 1108
337, 117, 1113
555, 80, 1150
714, 80, 1172
714, 80, 1172
699, 36, 1260
644, -10, 1245
630, -4, 1159
-,-,-
-278, -89, 948
-278, -89, 948
-311, -22, 852
-389, 73, 817
-502, 110, 902
-633, 172, 1022
-756, 235, 1144
-880, 227, 1150
-898, 213, 1103
-833, 236, 1006
-766, 264, 916
-766, 264, 916
-690, 246, 894
-567, 224, 918
-360, 209, 918
-114, 244, 999
29, 244, 1111
113, 133, 1182
305, 31, 1159
305, 31, 1159
589, -30, 1101
793, -52, 1085
835, -125, 1114
791, -179, 1094
727, -184, 1084
-,-,-
-488, 73, 996
-539, 106, 1013
-539, 106, 1013
-587, 128, 982
-628, 136, 1008
-683, 161, 1034
-725, 188, 1031
-726, 205, 1017
-689, 229, 1022
-606, 245, 1005
-422, 288, 904
-244, 332, 956
-119, 316, 1094
-18, 235, 1174
-18, 235, 1174
174, 231, 1149
356, 217, 1131
453, 158, 1151
490, 74, 1190
523, 9, 1175
572, -16, 1137
572, -16, 1137
611, -17, 1112
-,-,-
-353, 69, 956
-375, 141, 964
-392, 164, 992
-459, 162, 1014
-511, 167, 1046
-531, 206, 1092
-556, 251, 1083
-569, 266, 1052
-550, 245, 1061
-550, 245, 1061
-533, 232, 1107
-493, 242, 1102
-406, 282, 1009
-279, 276, 997
-167, 231, 1032
-45, 200, 1036
68, 138, 1028
236, 85, 975
236, 85, 975
363, 37, 993
442, -18, 1065
562, -54, 1150
631, -75, 1247
623, -88, 1234
-,-,-
-328, 32, 976
-328, 32, 976
-355, 42, 962
-343, 45, 963
-357, 51, 996
-411, 81, 978
-411, 81, 978
-473, 108, 974
-557, 127, 991
-648, 159, 1015
-727, 178, 1018
-811, 185, 966
-848, 195, 946
-803, 218, 991
-697, 282, 1029
-697, 282, 1029
-518, 362, 1009
-305, 393, 964
-142, 330, 1060
90, 331, 1095
309, 278, 1195
467, 194, 1266
543, 97, 1227
662, 4, 1184
662, 4, 1184
706, -88, 1190
717, -132, 1209
681, -143, 1153
-,-,-
-353, 37, 982
-409, 45, 1006
-409, 45, 1006
-470, 56, 985
-526, 83, 991
-583, 109, 969
-610, 129, 977
-633, 147, 989
-628, 154, 969
-628, 154, 969
-621, 150, 946
-610, 175, 931
-610, 173, 1005
-548, 210, 1063
-398, 272, 1031
-159, 298, 990
148, 322, 976
364, 250, 1100
364, 250, 1100
502, 150, 1213
598, 38, 1266
688, -20, 1241
742, -42, 1189
718, -70, 1217
-,-,-
-465, 78, 1031
-503, 105, 1025
-503, 105, 1025
-519, 114, 1036
-511, 104, 1047
-538, 125, 1027
-537, 142, 1030
-531, 153, 1043
-513, 168, 1075
-443, 217, 1072
-324, 241, 1067
-168, 246, 1069
9, 244, 1054
190, 220, 1065
190, 220, 1065
378, 137, 1099
516, 69, 1129
614, 20, 1144
692, -16, 1155
-,-,-
-437, 84, 1055
-510, 89, 1132
-548, 94, 1117
-589, 107, 1047
-589, 107, 1047
-594, 139, 964
-604, 151, 973
-585, 168, 1003
-560, 182, 1009
-513, 197, 989
-406, 206, 989
-259, 210, 976
-129, 217, 973
-12, 230, 1047
-12, 230, 1047
20, 180, 1135
84, 131, 1162
196, 101, 1106
295, 83, 1075
413, 56, 1069
413, 56, 1069
528, 14, 1088
-,-,-
-444, 14, 1006
-474, 35, 1017
-474, 35, 1017
-483, 73, 998
-502, 95, 1003
-510, 112, 994
-485, 128, 997
-430, 141, 1021
-385, 151, 1033
-340, 156, 1020
-291, 137, 1035
-291, 137, 1035
-266, 126, 1062
-228, 114, 1095
-174, 119, 1042
-81, 139, 985
-13, 136, 1010
58, 113, 1097
151, 118, 1138
267, 113, 1129
364, 64, 1100
364, 64, 1100
446, 8, 1073
-,-,-
-304, 28, 1024
-402, 79, 1046
-452, 101, 1036
-501, 122, 1088
-522, 141, 1071
-539, 168, 1027
-527, 189, 991
-478, 172, 985
-478, 172, 985
-403, 168, 1022
-312, 180, 1018
-219, 179, 993
-161, 164, 1022
-82, 129, 1039
25, 92, 1062
153, 87, 1081
282, 89, 1065
282, 89, 1065
427, 82, 1051
519, 47, 1092
535, -2, 1197
530, -51, 1230
-,-,-
-408, 30, 1007
-473, 57, 1017
-502, 74, 1031
-549, 78, 1053
-576, 77, 1023
-576, 77, 1023
-560, 102, 1000
-498, 138, 1020
-416, 149, 1034
-354, 144, 1031
-301, 120, 1001
-217, 140, 1048
-96, 164, 1006
42, 182, 976
102, 137, 1064
102, 137, 1064
136, 77, 1141
252, 40, 1158
402, 36, 1116
527, 19, 1098
561, -41, 1123
551, -72, 1177
551, -72, 1177
-,-,-
-432, 38, 1073
-489, 42, 1099
-513, 71, 1028
-500, 101, 945
-434, 139, 927
-434, 139, 927
-368, 148, 1007
-325, 143, 1096
-322, 138, 1125
-272, 119, 1034
-174, 111, 948
-33, 125, 919
74, 123, 966
116, 91, 1073
116, 91, 1073
196, 74, 1105
299, 32, 1047
351, -6, 1056
400, -46, 1095
506, -57, 1121
506, -57, 1121
569, -55, 1077
-,-,-
-381, 86, 1026
-436, 117, 1031
-474, 132, 1032
-474, 132, 1032
-529, 125, 1020
-550, 137, 971
-533, 147, 949
-481, 160, 985
-443, 172, 1013
-382, 167, 1012
-321, 166, 975
-232, 140, 950
-100, 131, 948
-100, 131, 948
51, 156, 950
199, 156, 1010
280, 83, 1154
338, 1, 1206
444, -35, 1148
444, -35, 1148
577, -52, 1098
650, -63, 1092
-,-,-
-445, 78, 1042
-504, 90, 1009
-558, 119, 1018
-615, 114, 1051
-626, 119, 1062
-615, 145, 1040
-571, 161, 982
-571, 161, 982
-494, 146, 912
-379, 141, 920
-264, 166, 991
-175, 147, 1068
-85, 98, 1070
84, 102, 1048
244, 94, 1009
244, 94, 1009
368, 62, 1068
442, 14, 1149
477, -26, 1166
509, -37, 1116
578, -12, 1058
578, -12, 1058
-,-,-
-365, 72, 990
-429, 72, 1048
-505, 84, 1071
-600, 114, 1072
-600, 114, 1072
-628, 140, 1093
-618, 161, 1061
-586, 166, 970
-518, 184, 921
-429, 176, 925
-341, 154, 1010
-249, 124, 1071
-170, 122, 1031
-66, 127, 969
66, 129, 947
66, 129, 947
189, 129, 997
254, 92, 1079
314, 48, 1134
383, 0, 1184
383, 0, 1184
470, -33, 1146
589, -38, 1045
616, -71, 1056
560, -104, 1134
-,-,-
-292, 55, 1024
-353, 61, 1011
-400, 92, 1038
-483, 125, 981
-545, 180, 936
-545, 180, 936
-584, 218, 961
-612, 256, 982
-603, 267, 1011
-594, 269, 1017
-552, 302, 990
-423, 298, 1048
-279, 320, 1002
-125, 277, 976
-13, 223, 1026
-13, 223, 1026
126, 153, 1085
320, 112, 1065
449, 69, 1136
557, 10, 1183
659, -41, 1172
685, -81, 1144
685, -81, 1144
693, -90, 1100
671, -110, 1104
688, -101, 1114
-,-,-
-344, 75, 1009
-425, 82, 1092
-479, 104, 1104
-526, 122, 1068
-556, 136, 1006
-569, 175, 998
-580, 198, 1034
-578, 210, 1008
-565, 210, 996
-514, 215, 966
-514, 215, 966
-407, 216, 960
-280, 199, 960
-121, 190, 947
58, 176, 990
199, 147, 1060
315, 93, 1151
315, 93, 1151
428, -15, 1189
567, -71, 1127
696, -70, 1071
713, -91, 1123
680, -117, 1207
-,-,-
-360, 94, 987
-440, 110, 975
-489, 93, 998
-569, 94, 1046
-645, 122, 1024
-684, 155, 982
-684, 155, 982
-666, 162, 983
-628, 155, 976
-578, 178, 945
-467, 214, 908
-313, 203, 932
-167, 183, 980
-45, 146, 1037
-45, 146, 1037
54, 135, 1079
179, 117, 1098
306, 96, 1092
383, 59, 1126
411, 4, 1159
411, 4, 1159
444, -46, 1146
525, -73, 1115
586, -74, 1083
-,-,-
-513, 105, 1005
-582, 146, 991
-582, 146, 991
-631, 188, 937
-671, 221, 916
-699, 237, 964
-712, 227, 996
-681, 231, 1002
-578, 254, 991
-440, 255, 988
-302, 220, 974
-302, 220, 974
-138, 190, 969
66, 158, 1026
235, 118, 1059
400, 94, 1090
512, 62, 1130
561, 6, 1187
561, 6, 1187
551, -39, 1245
554, -61, 1208
569, -46, 1147
-,-,-
-431, 212, 1050
-532, 206, 1055
-579, 187, 1085
-637, 196, 1098
-692, 221, 1088
-738, 232, 1030
-719, 236, 1000
-719, 236, 1000
-632, 221, 997
-465, 191, 1024
-303, 192, 1065
-126, 144, 940
60, 98, 938
320, 38, 941
509, -24, 979
509, -24, 979
574, -88, 1075
591, -111, 1139
627, -89, 1147
656, -48, 1090
641, -44, 1048
-,-,-
-472, 75, 1005
-541, 64, 1060
-610, 90, 987
-610, 90, 987
-645, 124, 934
-651, 156, 926
-662, 187, 956
-628, 228, 953
-531, 250, 968
-387, 241, 968
-238, 238, 1022
-238, 238, 1022
-47, 241, 1043
115, 188, 1080
242, 137, 1094
358, 71, 1133
479, 27, 1130
569, -1, 1167
569, -1, 1167
595, -40, 1181
-,-,-
-478, 133, 969
-561, 163, 1068
-633, 150, 1135
-721, 142, 1121
-748, 184, 1067
-733, 209, 1042
-670, 225, 1018
-595, 246, 977
-502, 254, 954
-502, 254, 954
-365, 210, 966
-213, 170, 1000
-59, 122, 998
132, 112, 896
390, 98, 837
510, 31, 980
510, 31, 980
538, -42, 1158
571, -84, 1258
617, -69, 1242
610, -22, 1182
-,-,-
-326, 90, 955
-371, 110, 991
-429, 123, 1004
-494, 153, 999
-547, 183, 963
-596, 217, 1001
-598, 238, 1107
-641, 212, 1097
-627, 207, 1029
-627, 207, 1029
-567, 217, 951
-444, 220, 927
-301, 198, 998
-163, 147, 1037
-24, 109, 1001
134, 89, 932
337, 50, 961
337, 50, 961
445, 21, 1085
480, -7, 1180
491, -50, 1208
535, -55, 1149
579, -35, 1136
579, -35, 1136
-,-,-
-390, 130, 1006
-441, 130, 988
-441, 130, 988
-519, 139, 1012
-629, 153, 1104
-714, 165, 1136
-720, 218, 1066
-722, 229, 1018
-654, 242, 969
-546, 263, 907
-352, 268, 887
-144, 224, 935
48, 171, 957
48, 171, 957
273, 107, 911
451, 44, 934
607, -25, 1052
650, -99, 1190
650, -99, 1190
658, -117, 1210
662, -99, 1184
650, -86, 1161
-,-,-
-425, 118, 963
-463, 139, 938
-508, 149, 858
-508, 149, 858
-540, 162, 873
-628, 184, 964
-693, 219, 1024
-730, 237, 1059
-690, 252, 1090
-582, 283, 1078
-437, 305, 1037
-257, 251, 1015
-85, 163, 1090
45, 106, 1172
45, 106, 1172
157, 93, 1122
308, 87, 1010
408, 49, 1009
442, -8, 1100
442, -8, 1100
454, -65, 1228
457, -92, 1216
476, -81, 1093
508, -67, 1020
520, -34, 1031
-,-,-
-287, 72, 976
-371, 89, 1063
-420, 121, 1020
-420, 121, 1020
-465, 146, 998
-542, 149, 1016
-629, 154, 1002
-672, 174, 984
-718, 186, 1004
-717, 213, 991
-637, 225, 981
-505, 247, 959
-356, 255, 948
-356, 255, 948
-126, 276, 913
131, 217, 957
332, 133, 1092
448, 56, 1206
524, -34, 1217
591, -101, 1137
634, -130, 1069
667, -90, 1024
667, -90, 1024
-,-,-
-370, 97, 948
-469, 95, 981
-581, 121, 984
-675, 146, 999
-715, 196, 943
-708, 256, 892
-651, 304, 903
-651, 304, 903
-552, 308, 976
-421, 283, 1046
-288, 262, 1051
-155, 233, 1045
-15, 190, 1047
86, 163, 1070
161, 152, 1107
202, 100, 1230
202, 100, 1230
300, 51, 1258
433, 29, 1182
538, 25, 1109
564, -41, 1133
538, -109, 1140
556, -124, 1093
598, -95, 1065
-,-,-
-374, 78, 974
-374, 78, 974
-446, 99, 934
-526, 132, 951
-591, 158, 1003
-663, 167, 1057
-683, 186, 1073
-648, 217, 1085
-571, 255, 1038
-477, 255, 1025
-379, 225, 1035
-379, 225, 1035
-288, 212, 1047
-154, 201, 1043
-38, 165, 985
55, 111, 989
249, 82, 1008
399, 78, 1061
409, -8, 1195
409, -8, 1195
466, -83, 1204
578, -123, 1179
648, -108, 1127
-,-,-
-409, 103, 962
-409, 103, 962
-482, 122, 994
-544, 134, 1023
-564, 160, 1014
-614, 178, 1010
-652, 170, 1032
-641, 168, 1046
-581, 182, 1031
-521, 192, 1005
-442, 189, 1018
-343, 185, 1031
-184, 191, 989
-184, 191, 1006
-23, 199, 1006
39, 173, 1078
133, 88, 1144
256, 26, 1154
408, -36, 1131
472, -64, 1082
471, -73, 1032
471, -73, 1032
453, -103, 1080
472, -117, 1092
520, -85, 1029
512, -37, 1065
496, -28, 1152
479, -43, 1142
-,-,-
-531, 142, 996
-531, 142, 996
-603, 159, 1063
-660, 196, 1101
-692, 243, 1050
-673, 298, 984
-616, 332, 1027
-530, 343, 1071
-375, 330, 1064
-227, 304, 1080
-111, 234, 994
30, 175, 943
30, 175, 943
187, 153, 989
245, 105, 1113
270, 20, 1263
374, 6, 1255
374, 6, 1255
468, 7, 1193
568, 16, 1106
601, -22, 1067
609, -39, 1054
-,-,-
-448, 157, 948
-507, 153, 1019
-529, 154, 1042
-563, 168, 1029
-602, 196, 1029
-624, 218, 1022
-651, 213, 1026
-651, 213, 1026
-668, 221, 1044
-639, 236, 1006
-541, 247, 959
-390, 239, 950
-245, 224, 925
-57, 232, 945
116, 195, 1047
256, 140, 1162
256, 140, 1162
405, 70, 1169
539, 28, 1124
634, 7, 1100
673, -36, 1167
683, -53, 1236
701, -56, 1252
701, -56, 1252
-,-,-
-446, 151, 963
-524, 137, 1072
-615, 157, 1104
-701, 186, 1117
-721, 203, 1100
-718, 246, 1040
-692, 255, 997
-636, 254, 960
-542, 237, 943
-382, 234, 960
-382, 234, 960
-223, 219, 996
-90, 171, 1003
64, 118, 964
280, 88, 932
450, 43, 1003
450, 43, 1003
543, 1, 1151
562, -74, 1252
552, -96, 1224
558, -77, 1158
559, -48, 1093
-,-,-
-413, 106, 958
-478, 146, 928
-537, 138, 966
-613, 117, 1031
-677, 155, 1032
-702, 193, 1024
-676, 218, 999
-606, 230, 990
-538, 224, 984
-538, 224, 984
-433, 217, 1044
-319, 219, 1090
-207, 216, 1078
-92, 165, 1011
58, 121, 970
242, 91, 1026
381, 47, 1134
381, 47, 1134
472, -16, 1179
547, -46, 1139
611, -52, 1099
650, -50, 1128
627, -60, 1190
-,-,-
-460, 146, 961
-521, 151, 967
-561, 144, 965
-620, 161, 978
-620, 161, 978
-678, 194, 1045
-704, 203, 1101
-698, 201, 1117
-658, 206, 1075
-594, 214, 989
-509, 205, 950
-420, 180, 995
-296, 177, 1015
-183, 174, 1019
-92, 154, 1015
-92, 154, 1015
30, 132, 1056
193, 117, 1046
361, 85, 1028
477, 29, 1067
527, -40, 1116
578, -85, 1092
578, -85, 1092
659, -78, 1044
-,-,-
-444, 78, 1059
-549, 99, 1056
-605, 121, 999
-639, 147, 942
-647, 159, 942
-645, 178, 985
-644, 190, 1029
-644, 190, 1029
-611, 197, 1014
-532, 187, 1011
-405, 166, 1013
-294, 148, 1026
-219, 138, 1073
-115, 127, 1074
23, 108, 1061
155, 105, 1049
249, 99, 1086
328, 88, 1153
328, 88, 1153
435, 21, 1192
552, -23, 1146
-,-,-
-422, 86, 970
-499, 104, 1064
-555, 116, 1043
-555, 116, 1043
-614, 125, 1019
-654, 158, 974
-658, 171, 976
-648, 174, 1005
-615, 165, 1021
-558, 173, 1003
-465, 175, 977
-347, 165, 972
-239, 145, 970
-113, 168, 1014
-113, 168, 1014
11, 150, 1027
85, 111, 1070
193, 67, 1082
330, 48, 1051
493, 35, 1035
574, 0, 1072
574, 0, 1072
630, -69, 1148
-,-,-
-482, 73, 1015
-536, 87, 1037
-555, 90, 1049
-603, 111, 1061
-658, 137, 1068
-680, 167, 1051
-661, 182, 1053
-596, 171, 1017
-502, 162, 967
-502, 162, 967
-385, 169, 934
-286, 142, 950
-170, 123, 952
-40, 110, 979
59, 108, 1058
142, 78, 1133
142, 78, 1133
247, 57, 1145
368, 38, 1122
461, 23, 1110
487, -25, 1165
521, -60, 1161
521, -60, 1161
-,-,-
-497, 86, 1031
-560, 134, 1017
-574, 128, 1009
-626, 112, 1027
-678, 131, 1037
-715, 162, 1023
-690, 189, 1006
-605, 223, 988
-511, 223, 948
-511, 223, 948
-402, 204, 959
-286, 178, 1004
-173, 168, 1048
-50, 160, 1041
117, 151, 979
327, 99, 969
477, 41, 1093
477, 41, 1093
546, -16, 1220
602, -59, 1248
679, -61, 1150
729, -42, 1072
-,-,-
-483, 136, 980
-504, 120, 1063
-563, 138, 1034
-563, 138, 1034
-609, 175, 1030
-641, 200, 991
-634, 234, 979
-605, 235, 1016
-542, 224, 1036
-428, 238, 1011
-296, 269, 1004
-160, 249, 998
-23, 194, 1013
122, 136, 1022
122, 136, 1022
289, 75, 1043
450, 56, 1097
574, 25, 1185
609, -33, 1200
624, -68, 1146
623, -86, 1156
623, -86, 1156
-,-,-
-433, 84, 940
-489, 123, 992
-543, 154, 1021
-591, 159, 1069
-591, 159, 1069
-620, 159, 1080
-607, 187, 1037
-539, 215, 999
-467, 201, 1022
-405, 187, 1067
-337, 188, 1076
-211, 181, 1047
-78, 165, 1029
49, 141, 1014
173, 116, 1028
173, 116, 1028
284, 82, 1071
379, 31, 1111
437, -21, 1150
488, -39, 1102
562, -29, 1009
651, -27, 987
651, -27, 987
-,-,-
-498, 113, 1065
-595, 126, 1051
-654, 134, 1033
-682, 154, 1016
-675, 185, 1023
-663, 209, 995
-609, 225, 961
-512, 223, 968
-512, 223, 968
-407, 238, 1012
-272, 224, 1023
-89, 211, 968
63, 199, 937
158, 152, 1023
243, 68, 1162
243, 68, 1162
305, -5, 1225
415, -4, 1149
571, 16, 1043
600, -47, 1120
556, -99, 1228
556, -99, 1228
-,-,-
-666, 129, 987
-649, 159, 962
-649, 159, 962
-639, 144, 973
-608, 160, 1021
-587, 182, 1021
-500, 203, 1009
-398, 207, 1013
-306, 185, 1056
-228, 179, 1082
-128, 155, 1108
-20, 130, 1119
55, 109, 1079
55, 109, 1079
200, 127, 1004
313, 98, 1053
346, 30, 1198
363, -55, 1249
433, -73, 1175
562, -58, 1049
-,-,-
-598, 132, 905
-635, 132, 913
-671, 136, 928
-704, 125, 1002
-739, 182, 977
-739, 182, 977
-722, 240, 982
-685, 268, 981
-606, 297, 993
-508, 311, 991
-375, 328, 998
-187, 320, 1000
10, 277, 1022
10, 277, 1022
108, 184, 1116
221, 102, 1183
355, 60, 1202
466, 25, 1214
506, -22, 1230
550, -33, 1216
550, -33, 1216
567, -41, 1217
555, -64, 1230
-,-,-
-394, 38, 1018
-433, 80, 936
-474, 133, 923
-541, 145, 977
-541, 145, 977
-650, 145, 1037
-740, 149, 1073
-791, 165, 1058
-790, 202, 1009
-754, 244, 935
-696, 253, 913
-573, 268, 926
-415, 303, 975
-313, 338, 1080
-195, 314, 1011
-195, 314, 1011
-39, 288, 1037
247, 273, 1037
442, 185, 1151
533, 74, 1283
542, -36, 1326
581, -77, 1201
656, -76, 1071
678, -86, 1070
-,-,-
-699, 205, 988
-699, 205, 988
-739, 237, 978
-766, 268, 987
-753, 305, 963
-702, 339, 943
-599, 292, 966
-475, 264, 1010
-366, 243, 1007
-164, 210, 968
-164, 210, 968
121, 189, 958
306, 168, 994
389, 126, 1103
443, 37, 1231
570, -65, 1582
695, -33, 1078
695, -33, 1078
741, -116, 1061
798, -111, 1240
-,-,-
-334, 107, 782
-426, 162, 879
-521, 204, 962
-623, 252, 956
-714, 270, 967
-783, 290, 1019
-850, 334, 1097
-879, 346, 1109
-879, 346, 1109
-929, 362, 1021
-958, 403, 1020
-871, 388, 1075
-673, 359, 1082
-432, 348, 1029
-91, 304, 982
243, 260, 959
447, 206, 1030
516, 112, 1195
516, 112, 1195
612, 23, 1323
753, -48, 1324
778, -115, 1274
725, -188, 1223
655, -211, 1173
620, -228, 1151
-,-,-
-465, 124, 1073
-526, 128, 1107
-543, 167, 989
-550, 165, 945
-550, 165, 945
-583, 178, 971
-641, 164, 1026
-663, 188, 1028
-653, 204, 1021
-598, 200, 991
-514, 216, 953
-406, 215, 938
-264, 161, 971
-105, 111, 1042
-105, 111, 1042
22, 108, 1000
151, 95, 931
252, 38, 974
357, -5, 1092
412, -32, 1189
-,-,-
-485, 137, 925
-556, 172, 1014
-617, 182, 1041
-659, 163, 1074
-659, 163, 1074
-709, 183, 1067
-728, 218, 1034
-734, 231, 978
-673, 239, 960
-561, 222, 1018
-447, 198, 1046
-318, 193, 1012
-129, 155, 969
65, 116, 1005
184, 91, 1053
184, 91, 1053
253, 29, 1111
291, -24, 1139
381, -29, 1113
493, -6, 1017
524, -9, 1064
524, -9, 1064
510, -46, 1181
-,-,-
-630, 132, 1083
-767, 166, 1109
-852, 231, 1027
-856, 243, 977
-856, 243, 977
-801, 279, 916
-731, 304, 923
-612, 303, 925
-442, 265, 959
-270, 228, 1007
-111, 219, 1021
19, 194, 1025
133, 129, 1019
133, 129, 1019
282, 91, 1021
437, 74, 1085
512, 26, 1181
571, -45, 1268
641, -115, 1306
704, -147, 1256
716, -147, 1147
-,-,-
-600, 129, 1015
-668, 184, 1030
-668, 184, 1030
-714, 235, 1039
-729, 264, 1036
-707, 268, 983
-629, 277, 929
-531, 282, 962
-419, 267, 984
-260, 215, 1003
-41, 165, 1029
130, 89, 1023
130, 89, 1023
258, 19, 1028
353, -11, 1080
425, -38, 1223
473, -69, 1287
518, -85, 1278
529, -79, 1243
529, -79, 1243
517, -76, 1228
498, -111, 1181
537, -116, 1084
538, -131, 1012
-,-,-
-532, 68, 995
-580, 112, 1041
-611, 134, 1005
-605, 126, 1028
-605, 126, 1028
-584, 149, 1068
-556, 164, 1067
-497, 174, 1022
-401, 183, 993
-247, 192, 971
-106, 148, 973
48, 143, 1017
150, 109, 1093
291, 40, 1107
291, 40, 1107
403, -28, 1141
524, -105, 1189
644, -148, 1125
714, -170, 1072
673, -160, 1110
583, -153, 1166
545, -133, 1181
-,-,-
-524, 102, 1002
-602, 149, 1047
-655, 193, 1048
-691, 211, 1086
-691, 224, 1105
-619, 240, 1097
-505, 227, 1030
-356, 231, 968
-236, 204, 1015
-130, 154, 1059
-25, 99, 1071
-25, 99, 1071
119, 40, 1021
252, 0, 1006
365, -46, 1029
500, -83, 1068
603, -119, 1075
685, -157, 1102
685, -157, 1102
706, -194, 1130
709, -172, 1125
-,-,-
-477, 106, 1051
-625, 185, 1088
-655, 195, 1043
-700, 242, 1023
-708, 275, 1030
-710, 281, 1064
-657, 289, 1041
-554, 290, 1010
-451, 266, 961
-295, 269, 947
-295, 269, 947
-103, 254, 969
69, 212, 1087
178, 109, 1190
295, 26, 1176
478, -28, 1077
616, -69, 1062
616, -69, 1062
684, -109, 1100
673, -174, 1162
684, -169, 1142
-,-,-
-424, 143, 901
-559, 154, 1045
-678, 193, 1070
-726, 242, 1063
-703, 293, 1048
-652, 308, 1018
-652, 308, 1018
-595, 278, 1028
-507, 275, 1056
-379, 276, 1078
-250, 245, 1096
-145, 207, 1053
-6, 184, 956
182, 93, 998
344, 18, 1090
344, 18, 1090
442, -23, 1131
526, -51, 1123
625, -130, 1115
661, -192, 1148
628, -212, 1134
614, -184, 1077
615, -157, 1019
610, -154, 1039
-,-,-
-566, 108, 913
-686, 129, 1050
-803, 196, 1120
-902, 255, 1136
-902, 255, 1136
-847, 340, 1053
-729, 358, 1003
-582, 359, 952
-416, 344, 975
-244, 305, 1054
-95, 217, 1104
55, 169, 1081
214, 130, 1056
346, 75, 1064
346, 75, 1064
459, 0, 1111
568, -92, 1137
636, -198, 1130
710, -237, 1075
764, -207, 984
